,date,open
12,20211018,37502
393,20211019,37986
774,20211020,38058
1155,20211021,37929
1536,20211022,37699
1917,20211025,37512
2298,20211026,38150
2679,20211027,38188
3060,20211028,38030
3441,20211029,37967
3822,20211101,37515
4203,20211102,37934
4584,20211103,37785
4965,20211104,37909
5346,20211105,37592
5727,20211108,37213
6108,20211109,37756
6489,20211110,37338
6870,20211111,36896
7251,20211112,37333
7632,20211115,37717
8013,20211116,37833
8394,20211117,37809
9156,20211119,37544
9537,20211122,38020
9918,20211123,38289
10299,20211124,38352
10680,20211125,37809
11061,20211126,37621
11442,20211129,36867
11823,20211130,37001
12204,20211201,36237
12585,20211202,36747
12966,20211203,37184
13347,20211206,37391
13728,20211207,37688
14109,20211208,38597
14490,20211209,38299
14871,20211210,38159
15252,20211213,38529
15633,20211214,37948
16014,20211215,37837
16395,20211216,38304
16776,20211217,38073
17157,20211220,37919
17538,20211221,37905
17919,20211222,38246
18300,20211223,38131
18681,20211224,38659
19062,20211227,38481
19443,20211228,38260
19824,20211229,38755
20205,20211230,38568
20907,20220104,38323
21288,20220105,38270
21669,20220106,37712
22050,20220107,37775
22431,20220110,37554
22812,20220111,37866
23193,20220112,38135
23574,20220113,38376
23955,20220114,37780
24336,20220117,37564
24717,20220118,37294
25098,20220119,36799
25479,20220120,36723
25860,20220121,36612
26241,20220124,36477
26622,20220125,35805
27003,20220126,35521
27384,20220127,35180
27765,20220128,34280
28146,20220203,35469
28527,20220204,35560
28908,20220207,35223
29289,20220208,35700
29670,20220209,35767
30051,20220210,36152
30432,20220211,35835
30813,20220214,35570
31194,20220215,35325
31575,20220216,35604
31956,20220217,35854
32337,20220218,35700
32718,20220221,35214
33099,20220222,35296
33480,20220223,35517
33861,20220224,35118
34242,20220225,34877
34623,20220228,34785
35004,20220302,35170
35385,20220303,35483
35766,20220304,35382
36147,20220307,34521
36528,20220308,33982
36909,20220310,34651
37290,20220311,34631
37671,20220314,34526
38052,20220315,34391
38433,20220316,34448
38814,20220317,35406
39195,20220318,35175
39576,20220321,35175
39957,20220322,34997
40338,20220323,35608
40719,20220324,35296
41100,20220325,35334
41481,20220328,34973
41862,20220329,35541
42243,20220330,35772
42624,20220331,35637
43005,20220401,35320
43386,20220404,35252
43767,20220405,35608
44148,20220406,35267
44529,20220407,34939
44910,20220408,34829
45291,20220411,34550
45672,20220412,34622
46053,20220413,34588
46434,20220414,34968
46815,20220415,34463
47196,20220418,34415
47577,20220419,34848
47958,20220420,34708
48339,20220421,35093
48720,20220422,34564
49101,20220425,34237
49482,20220426,34193
49863,20220427,33587
50244,20220428,33876
50625,20220429,34399
51006,20220502,34433
51387,20220503,34589
51768,20220504,34697
52149,20220506,34028
52530,20220509,34077
52911,20220510,33349
53292,20220511,33437
53673,20220512,33188
54054,20220513,33334
54435,20220516,33994
54816,20220517,33842
55197,20220518,34291
55578,20220519,33456
55959,20220520,33852
56340,20220523,34208
56721,20220524,34179
57102,20220525,33691
57483,20220526,33994
57864,20220527,34003
58245,20220530,34291
58626,20220531,34414
59007,20220602,34301
59388,20220603,34511
59769,20220607,34062
60150,20220608,33872
60531,20220609,33715
60912,20220610,33432
61293,20220613,32729
61674,20220614,31972
62055,20220615,31894
62436,20220616,31972
62817,20220617,30961
63198,20220620,31025
63578,20220621,30756
63959,20220622,30854
64340,20220623,30273
64721,20220624,30131
65102,20220627,30654
65483,20220628,30996
65864,20220629,30825
66245,20220630,30371
66626,20220701,30317
67007,20220704,29882
67388,20220705,30102
67769,20220706,29941
68150,20220707,29931
68531,20220708,30439
68912,20220711,30473
69293,20220712,29980
69674,20220713,30092
70055,20220714,29946
70436,20220715,29946
70817,20220718,30532
71198,20220719,30595
71579,20220720,31240
71960,20220721,31074
72341,20220722,31264
72722,20220725,31284
73103,20220726,31108
73484,20220727,31254
73865,20220728,31641
74246,20220729,31841
74627,20220801,31577
75008,20220802,31528
75389,20220803,31504
75770,20220804,31836
76151,20220805,32052
76532,20220808,31895
76913,20220809,32022
77294,20220810,31866
77675,20220811,32189
78056,20220812,32365
78437,20220816,32531
78818,20220817,32600
79199,20220818,32027
79580,20220819,32042
79961,20220822,31558
80342,20220823,31377
80723,20220824,31391
81104,20220825,31489
81485,20220826,31876
81866,20220829,30995
82247,20220830,31191
82628,20220831,31029
83009,20220901,31093
83390,20220902,30926
83771,20220905,30863
84152,20220906,30789
84533,20220907,30373
84914,20220908,30359
85295,20220913,30868
85676,20220914,30300
86057,20220915,30594
86438,20220916,30178
86819,20220919,30197
87200,20220920,30290
87581,20220921,29953
87962,20220922,29439
88343,20220923,29419
88724,20220926,28768
89105,20220927,28411
89486,20220928,28274
89867,20220929,28191
90248,20220930,27785
90629,20221004,28162
91010,20221005,28666
91391,20221006,28582
91772,20221007,28347
92153,20221011,27809
92534,20221012,27941
92915,20221013,28034
93296,20221014,28215
93677,20221017,28098
94058,20221018,28773
94439,20221019,28817
94820,20221020,28421
95201,20221021,28333
95582,20221024,28856
95963,20221025,28719
96344,20221026,28666
96725,20221027,29081
97106,20221028,29233
97487,20221031,29262
97868,20221101,29537
98249,20221102,29689
98630,20221103,29277
99011,20221104,29640
99392,20221107,30131
99773,20221108,30470
100154,20221109,30745
100535,20221110,30804
100916,20221111,31688
101297,20221114,31894
101678,20221115,31722
102059,20221116,31644
102821,20221118,31305
103202,20221121,31089
103583,20221122,30912
103964,20221123,30922
104345,20221124,31133
104726,20221125,31104
105107,20221128,30617
105488,20221129,30701
105869,20221130,30907
106250,20221201,31884
106631,20221202,31334
107012,20221205,31040
107393,20221206,30652
107774,20221207,30426
108155,20221208,30338
108536,20221209,30446
108917,20221212,30495
109297,20221213,30588
109678,20221214,30721
110059,20221215,30583
110440,20221216,29989
110821,20221219,30077
111202,20221220,29989
111583,20221221,29969
111964,20221222,29955
112345,20221223,29886
112726,20221226,29660
113107,20221227,29950
113488,20221228,29684
113869,20221229,29459
114571,20230103,28643
114952,20230104,28742
115333,20230105,29738
115714,20230106,29817
116095,20230109,30509
116476,20230110,30838
116857,20230111,31059
117238,20230112,31020
117619,20230113,31128
118000,20230116,31398
118381,20230117,31511
118762,20230118,31069
119143,20230119,31005
119524,20230120,31452
119905,20230125,31894
120286,20230126,32002
120667,20230127,32528
121048,20230130,32641
121429,20230131,32040
121810,20230201,31883
122191,20230202,32429
122572,20230203,32286
122953,20230206,32016
123334,20230207,31833
123715,20230208,32237
124096,20230209,32217
124477,20230210,32158
124858,20230213,32020
125239,20230214,32424
125620,20230215,32094
126001,20230216,31947
126382,20230217,32040
126763,20230220,31804
127144,20230221,31917
127525,20230222,31587
127906,20230223,31696
128287,20230224,31937
128668,20230227,31164
129049,20230228,31518
129430,20230302,31661
129811,20230303,31592
130192,20230306,31769
130573,20230307,31942
130954,20230308,31479
131335,20230309,31514
131716,20230310,30962
132097,20230313,31080
132478,20230314,30751
132859,20230315,30805
133240,20230316,30436
133621,20230317,31051
134002,20230320,31041
134383,20230321,30992
134764,20230322,31164
135145,20230323,31125
135526,20230324,31390
135907,20230327,31223
136288,20230328,31341
136669,20230329,31587
137050,20230330,31651
137431,20230331,31912
137812,20230403,32065
138193,20230404,32143
138574,20230405,32286
138955,20230406,32070
139336,20230407,32089
139717,20230410,32542
140098,20230411,32759
140479,20230412,33123
140860,20230413,33034
141241,20230414,33394
141622,20230417,33290
142003,20230418,33300
142384,20230419,33418
142765,20230420,33162
143146,20230421,33118
143527,20230424,32926
143908,20230425,32877
144289,20230426,32419
144670,20230427,32225
145051,20230428,32559
145432,20230502,32864
145813,20230503,32714
146194,20230504,32504
146575,20230508,32884
146955,20230509,32734
147336,20230510,32684
147717,20230511,32739
148098,20230512,32350
148479,20230515,32285
148860,20230516,32704
149241,20230517,32509
149622,20230518,32884
150003,20230519,33243
150384,20230522,33467
150765,20230523,33692
151146,20230524,33622
151527,20230525,33692
151908,20230526,33662
152289,20230530,34001
152670,20230531,34141
153051,20230601,33891
153432,20230602,34051
153813,20230605,34370
154194,20230607,34425
154575,20230608,34146
154956,20230609,34345
155337,20230612,34715
155718,20230613,34655
156099,20230614,34515
156480,20230615,34570
156861,20230616,34370
157242,20230619,34330
157623,20230620,34131
158004,20230621,34076
158385,20230622,33867
158766,20230623,34096
159147,20230626,33777
159528,20230627,33862
159909,20230628,33981
160290,20230629,34036
160671,20230630,33577
161052,20230703,34161
161433,20230704,34415
161814,20230705,34231
162195,20230706,33732
162576,20230707,33432
162957,20230710,33273
163338,20230711,33492
163719,20230712,33792
164100,20230713,34266
164481,20230714,34405
164862,20230717,34625
165243,20230718,34635
165624,20230719,34470
166005,20230720,34156
166386,20230721,33906
166767,20230724,34171
167148,20230725,34575
167529,20230726,34555
167910,20230727,34281
168291,20230728,34340
168672,20230731,34705
169053,20230801,34910
169434,20230802,34910
169815,20230803,34385
170196,20230804,34270
170577,20230807,34205
170958,20230808,34195
171339,20230809,34065
171720,20230810,34045
172101,20230811,34295
172482,20230814,33930
172863,20230816,33380
173244,20230817,32875
173625,20230818,32800
174006,20230821,33035
174387,20230822,33215
174768,20230823,32950
175149,20230824,33420
175530,20230825,33050
175911,20230828,33180
176292,20230829,33420
176673,20230830,33775
177054,20230831,33660
177435,20230901,33645
177816,20230904,33995
178197,20230905,34110
178578,20230906,34055
178959,20230907,33800
179340,20230908,33685
179720,20230911,33640
180101,20230912,33875
180481,20230913,33795
180862,20230914,33775
181243,20230915,34300
181624,20230918,34470
182005,20230919,34170
182386,20230920,33935
182767,20230921,33745
183148,20230922,33040
183529,20230925,33190
183910,20230926,33115
184291,20230927,32780
184672,20231004,32190
185053,20231005,32180
185434,20231006,32125
185815,20231010,32530
186196,20231011,32730
186577,20231012,32965
186958,20231013,32840
187339,20231016,32750
187720,20231017,32785
188101,20231018,32900
188482,20231019,32555
188863,20231020,32025
189244,20231023,31940
189625,20231024,31860
190006,20231025,32055
190387,20231026,31380
