,date,open
16,20211018,37478
397,20211019,38058
778,20211020,38087
1159,20211021,37900
1540,20211022,37742
1921,20211025,37521
2302,20211026,38164
2683,20211027,38212
3064,20211028,38063
3445,20211029,38030
3826,20211101,37573
4207,20211102,38039
4588,20211103,37775
4969,20211104,37948
5350,20211105,37539
5731,20211108,37246
6112,20211109,37732
6493,20211110,37395
6874,20211111,36896
7255,20211112,37352
7636,20211115,37751
8017,20211116,37833
8398,20211117,37761
9160,20211119,37515
9541,20211122,38001
9922,20211123,38183
10303,20211124,38275
10684,20211125,37847
11065,20211126,37573
11446,20211129,36828
11827,20211130,37021
12208,20211201,36117
12589,20211202,36799
12970,20211203,37150
13351,20211206,37347
13732,20211207,37607
14113,20211208,38505
14494,20211209,38270
14875,20211210,38217
15256,20211213,38477
15637,20211214,37967
16018,20211215,37823
16399,20211216,38347
16780,20211217,38102
17161,20211220,37900
17542,20211221,37905
17923,20211222,38159
18304,20211223,38140
18685,20211224,38650
19066,20211227,38501
19447,20211228,38280
19828,20211229,38722
20209,20211230,38481
20911,20220104,38318
21292,20220105,38275
21673,20220106,37770
22054,20220107,37794
22435,20220110,37588
22816,20220111,37828
23197,20220112,38150
23578,20220113,38328
23959,20220114,37837
24340,20220117,37515
24721,20220118,37222
25102,20220119,36814
25483,20220120,36795
25864,20220121,36612
26245,20220124,36473
26626,20220125,35805
27007,20220126,35540
27388,20220127,34853
27769,20220128,34266
28150,20220203,35517
28531,20220204,35551
28912,20220207,35146
29293,20220208,35714
29674,20220209,35782
30055,20220210,36157
30436,20220211,35767
30817,20220214,35474
31198,20220215,35387
31579,20220216,35628
31960,20220217,35945
32341,20220218,35633
32722,20220221,35204
33103,20220222,35228
33484,20220223,35594
33865,20220224,35065
34246,20220225,34935
34627,20220228,34752
35008,20220302,35122
35389,20220303,35498
35770,20220304,35387
36151,20220307,34473
36532,20220308,34020
36913,20220310,34680
37294,20220311,34631
37675,20220314,34598
38056,20220315,34328
38437,20220316,34420
38818,20220317,35382
39199,20220318,35209
39580,20220321,35195
39961,20220322,35041
40342,20220323,35661
40723,20220324,35291
41104,20220325,35276
41485,20220328,35012
41866,20220329,35493
42247,20220330,35796
42628,20220331,35685
43009,20220401,35349
43390,20220404,35276
43771,20220405,35570
44152,20220406,35353
44533,20220407,34954
44914,20220408,34814
45295,20220411,34631
45676,20220412,34588
46057,20220413,34545
46438,20220414,34944
46819,20220415,34458
47200,20220418,34453
47581,20220419,34906
47962,20220420,34708
48343,20220421,35127
48724,20220422,34607
49105,20220425,34290
49486,20220426,34217
49867,20220427,33601
50248,20220428,33886
50629,20220429,34443
51010,20220502,34394
51391,20220503,34555
51772,20220504,34697
52153,20220506,34033
52534,20220509,34008
52915,20220510,33203
53296,20220511,33466
53677,20220512,33154
54058,20220513,33276
54439,20220516,33911
54820,20220517,33872
55201,20220518,34287
55582,20220519,33442
55963,20220520,33896
56344,20220523,34233
56725,20220524,34194
57106,20220525,33662
57487,20220526,34023
57868,20220527,34086
58249,20220530,34311
58630,20220531,34414
59011,20220602,34306
59392,20220603,34506
59773,20220607,34067
60154,20220608,33881
60535,20220609,33706
60916,20220610,33481
61297,20220613,32700
61678,20220614,31923
62059,20220615,31870
62440,20220616,32040
62821,20220617,31030
63202,20220620,30991
63582,20220621,30874
63963,20220622,30834
64344,20220623,30317
64725,20220624,30068
65106,20220627,30590
65487,20220628,31054
65868,20220629,30844
66249,20220630,30371
66630,20220701,30312
67011,20220704,29960
67392,20220705,30073
67773,20220706,29941
68154,20220707,29946
68535,20220708,30473
68916,20220711,30502
69297,20220712,30009
69678,20220713,30097
70059,20220714,29965
70440,20220715,29838
70821,20220718,30498
71202,20220719,30629
71583,20220720,31201
71964,20220721,31059
72345,20220722,31333
72726,20220725,31308
73107,20220726,31083
73488,20220727,31328
73869,20220728,31567
74250,20220729,31817
74631,20220801,31528
75012,20220802,31562
75393,20220803,31518
75774,20220804,31846
76155,20220805,32071
76536,20220808,31929
76917,20220809,32018
77298,20220810,31881
77679,20220811,32203
78060,20220812,32424
78441,20220816,32497
78822,20220817,32639
79203,20220818,32003
79584,20220819,32027
79965,20220822,31577
80346,20220823,31411
80727,20220824,31396
81108,20220825,31455
81489,20220826,31846
81870,20220829,30995
82251,20220830,31161
82632,20220831,30995
83013,20220901,31039
83394,20220902,30853
83775,20220905,30877
84156,20220906,30794
84537,20220907,30354
84918,20220908,30354
85299,20220913,30946
85680,20220914,30295
86061,20220915,30594
86442,20220916,30119
86823,20220919,30178
87204,20220920,30349
87585,20220921,29957
87966,20220922,29468
88347,20220923,29409
88728,20220926,28695
89109,20220927,28494
89490,20220928,28245
89871,20220929,28157
90252,20220930,27726
90633,20221004,28230
91014,20221005,28666
91395,20221006,28626
91776,20221007,28387
92157,20221011,27839
92538,20221012,27966
92919,20221013,28039
93300,20221014,28225
93681,20221017,28015
94062,20221018,28807
94443,20221019,28749
94824,20221020,28445
95205,20221021,28333
95586,20221024,28842
95967,20221025,28749
96348,20221026,28690
96729,20221027,29160
97110,20221028,29272
97491,20221031,29272
97872,20221101,29596
98253,20221102,29699
98634,20221103,29247
99015,20221104,29675
99396,20221107,30126
99777,20221108,30446
100158,20221109,30789
100539,20221110,30829
100920,20221111,31663
101301,20221114,31835
101682,20221115,31747
102063,20221116,31575
102825,20221118,31369
103206,20221121,31069
103587,20221122,30942
103968,20221123,30981
104349,20221124,31128
104730,20221125,31094
105111,20221128,30622
105492,20221129,30696
105873,20221130,30912
106254,20221201,31870
106635,20221202,31305
107016,20221205,31030
107397,20221206,30681
107778,20221207,30446
108159,20221208,30298
108540,20221209,30470
108921,20221212,30505
109301,20221213,30573
109682,20221214,30721
110063,20221215,30583
110444,20221216,30009
110825,20221219,30102
111206,20221220,29974
111587,20221221,29974
111968,20221222,29930
112349,20221223,29822
112730,20221226,29675
113111,20221227,29950
113492,20221228,29758
113873,20221229,29449
114575,20230103,28609
114956,20230104,28864
115337,20230105,29768
115718,20230106,29738
116099,20230109,30519
116480,20230110,30789
116861,20230111,31050
117242,20230112,30986
117623,20230113,31182
118004,20230116,31379
118385,20230117,31521
118766,20230118,31074
119147,20230119,31010
119528,20230120,31384
119909,20230125,31914
120290,20230126,32022
120671,20230127,32444
121052,20230130,32611
121433,20230131,32065
121814,20230201,31892
122195,20230202,32390
122576,20230203,32296
122957,20230206,32011
123338,20230207,31853
123719,20230208,32217
124100,20230209,32168
124481,20230210,32188
124862,20230213,32006
125243,20230214,32434
125624,20230215,32025
126005,20230216,31947
126386,20230217,32040
126767,20230220,31769
127148,20230221,31892
127529,20230222,31622
127910,20230223,31779
128291,20230224,31917
128672,20230227,31189
129053,20230228,31499
129434,20230302,31681
129815,20230303,31573
130196,20230306,31745
130577,20230307,31961
130958,20230308,31450
131339,20230309,31543
131720,20230310,30938
132101,20230313,30992
132482,20230314,30716
132863,20230315,30820
133244,20230316,30465
133625,20230317,31051
134006,20230320,31110
134387,20230321,31041
134768,20230322,31149
135149,20230323,31149
135530,20230324,31395
135911,20230327,31184
136292,20230328,31331
136673,20230329,31568
137054,20230330,31676
137435,20230331,31917
137816,20230403,32060
138197,20230404,32183
138578,20230405,32306
138959,20230406,32040
139340,20230407,32104
139721,20230410,32522
140102,20230411,32749
140483,20230412,33167
140864,20230413,33044
141245,20230414,33399
141626,20230417,33271
142007,20230418,33290
142388,20230419,33364
142769,20230420,33221
143150,20230421,33093
143531,20230424,32931
143912,20230425,32857
144293,20230426,32429
144674,20230427,32160
145055,20230428,32604
145436,20230502,32819
145817,20230503,32719
146198,20230504,32529
146579,20230508,32884
146959,20230509,32759
147340,20230510,32694
147721,20230511,32729
148102,20230512,32380
148483,20230515,32285
148864,20230516,32714
149245,20230517,32509
149626,20230518,32884
150007,20230519,33223
150388,20230522,33537
150769,20230523,33712
151150,20230524,33627
151531,20230525,33702
151912,20230526,33627
152293,20230530,33981
152674,20230531,34186
153055,20230601,33886
153436,20230602,34051
153817,20230605,34380
154198,20230607,34465
154579,20230608,34106
154960,20230609,34340
155341,20230612,34675
155722,20230613,34645
156103,20230614,34480
156484,20230615,34575
156865,20230616,34321
157246,20230619,34301
157627,20230620,34126
158008,20230621,34091
158389,20230622,33941
158770,20230623,34066
159151,20230626,33842
159532,20230627,33837
159913,20230628,33976
160294,20230629,34026
160675,20230630,33587
161056,20230703,34201
161437,20230704,34430
161818,20230705,34186
162199,20230706,33712
162580,20230707,33303
162961,20230710,33313
163342,20230711,33507
163723,20230712,33777
164104,20230713,34286
164485,20230714,34445
164866,20230717,34640
165247,20230718,34605
165628,20230719,34490
166009,20230720,34206
166390,20230721,33862
166771,20230724,34191
167152,20230725,34515
167533,20230726,34460
167914,20230727,34291
168295,20230728,34360
168676,20230731,34655
169057,20230801,34900
169438,20230802,34955
169819,20230803,34295
170200,20230804,34245
170581,20230807,34210
170962,20230808,34100
171343,20230809,34065
171724,20230810,34045
172105,20230811,34325
172486,20230814,33860
172867,20230816,33410
173248,20230817,32840
173629,20230818,32820
174010,20230821,33000
174391,20230822,33185
174772,20230823,33010
175153,20230824,33445
175534,20230825,33060
175915,20230828,33170
176296,20230829,33445
176677,20230830,33775
177058,20230831,33645
177439,20230901,33615
177820,20230904,34000
178201,20230905,34125
178582,20230906,34040
178963,20230907,33780
179344,20230908,33710
179724,20230911,33640
180105,20230912,33860
180485,20230913,33790
180866,20230914,33785
181247,20230915,34250
181628,20230918,34405
182009,20230919,34155
182390,20230920,33925
182771,20230921,33755
183152,20230922,33000
183533,20230925,33120
183914,20230926,33020
184295,20230927,32790
184676,20231004,32155
185057,20231005,32140
185438,20231006,32140
185819,20231010,32580
186200,20231011,32710
186581,20231012,32925
186962,20231013,32875
187343,20231016,32705
187724,20231017,32775
188105,20231018,32860
188486,20231019,32525
188867,20231020,31990
189248,20231023,31940
189629,20231024,31870
190010,20231025,32050
190391,20231026,31360
