,date,open
8,20211018,37536
389,20211019,37943
770,20211020,38169
1151,20211021,37924
1532,20211022,37723
1913,20211025,37584
2294,20211026,38169
2675,20211027,38207
3056,20211028,38025
3437,20211029,38001
3818,20211101,37487
4199,20211102,37924
4580,20211103,37804
4961,20211104,37885
5342,20211105,37636
5723,20211108,37294
6104,20211109,37785
6485,20211110,37405
6866,20211111,36852
7247,20211112,37352
7628,20211115,37712
8009,20211116,37861
8390,20211117,37852
9152,20211119,37515
9533,20211122,38010
9914,20211123,38222
10295,20211124,38246
10676,20211125,37842
11057,20211126,37679
11438,20211129,36756
11819,20211130,36968
12200,20211201,36117
12581,20211202,36756
12962,20211203,37198
13343,20211206,37568
13724,20211207,37775
14105,20211208,38568
14486,20211209,38212
14867,20211210,38140
15248,20211213,38491
15629,20211214,37900
16010,20211215,37823
16391,20211216,38366
16772,20211217,38034
17153,20211220,37948
17534,20211221,37818
17915,20211222,38217
18296,20211223,38169
18677,20211224,38597
19058,20211227,38510
19439,20211228,38342
19820,20211229,38789
20201,20211230,38625
20903,20220104,38342
21284,20220105,38284
21665,20220106,37708
22046,20220107,37688
22427,20220110,37621
22808,20220111,37895
23189,20220112,38145
23570,20220113,38438
23951,20220114,37727
24332,20220117,37564
24713,20220118,37342
25094,20220119,36828
25475,20220120,36775
25856,20220121,36593
26237,20220124,36473
26618,20220125,35781
26999,20220126,35406
27380,20220127,35257
27761,20220128,34242
28142,20220203,35464
28523,20220204,35469
28904,20220207,35238
29285,20220208,35700
29666,20220209,35791
30047,20220210,36162
30428,20220211,35787
30809,20220214,35589
31190,20220215,35300
31571,20220216,35608
31952,20220217,35825
32333,20220218,35695
32714,20220221,35204
33095,20220222,35291
33476,20220223,35594
33857,20220224,35074
34238,20220225,34886
34619,20220228,34723
35000,20220302,35272
35381,20220303,35464
35762,20220304,35512
36143,20220307,34578
36524,20220308,33977
36905,20220310,34651
37286,20220311,34535
37667,20220314,34521
38048,20220315,34410
38429,20220316,34487
38810,20220317,35315
39191,20220318,35190
39572,20220321,35233
39953,20220322,35021
40334,20220323,35623
40715,20220324,35300
41096,20220325,35344
41477,20220328,35016
41858,20220329,35604
42239,20220330,35724
42620,20220331,35613
43001,20220401,35406
43382,20220404,35204
43763,20220405,35642
44144,20220406,35296
44525,20220407,34911
44906,20220408,34814
45287,20220411,34545
45668,20220412,34612
46049,20220413,34569
46430,20220414,34983
46811,20220415,34468
47192,20220418,34357
47573,20220419,34858
47954,20220420,34675
48335,20220421,35060
48716,20220422,34603
49097,20220425,34232
49478,20220426,34227
49859,20220427,33625
50240,20220428,33862
50621,20220429,34360
51002,20220502,34472
51383,20220503,34565
51764,20220504,34658
52145,20220506,34013
52526,20220509,34052
52907,20220510,33437
53288,20220511,33413
53669,20220512,33266
54050,20220513,33369
54431,20220516,34023
54812,20220517,33803
55193,20220518,34282
55574,20220519,33413
55955,20220520,33832
56336,20220523,34184
56717,20220524,34096
57098,20220525,33735
57479,20220526,33930
57860,20220527,34106
58241,20220530,34360
58622,20220531,34428
59003,20220602,34291
59384,20220603,34531
59765,20220607,34086
60146,20220608,33867
60527,20220609,33691
60908,20220610,33481
61289,20220613,32768
61670,20220614,31865
62051,20220615,31948
62432,20220616,31987
62813,20220617,30976
63194,20220620,31064
63574,20220621,30825
63955,20220622,30883
64336,20220623,30317
64717,20220624,30087
65098,20220627,30727
65479,20220628,31147
65860,20220629,30883
66241,20220630,30439
66622,20220701,30415
67003,20220704,29843
67384,20220705,30048
67765,20220706,30000
68146,20220707,29892
68527,20220708,30463
68908,20220711,30366
69289,20220712,30063
69670,20220713,30131
70051,20220714,29951
70432,20220715,30000
70813,20220718,30546
71194,20220719,30610
71575,20220720,31225
71956,20220721,31083
72337,20220722,31240
72718,20220725,31245
73099,20220726,31108
73480,20220727,31235
73861,20220728,31734
74242,20220729,31773
74623,20220801,31558
75004,20220802,31567
75385,20220803,31528
75766,20220804,31832
76147,20220805,32052
76528,20220808,31949
76909,20220809,32071
77290,20220810,31885
77671,20220811,32150
78052,20220812,32433
78433,20220816,32526
78814,20220817,32605
79195,20220818,32013
79576,20220819,32042
79957,20220822,31606
80338,20220823,31391
80719,20220824,31362
81100,20220825,31514
81481,20220826,31900
81862,20220829,30980
82243,20220830,31200
82624,20220831,31000
83005,20220901,31132
83386,20220902,30951
83767,20220905,30824
84148,20220906,30750
84529,20220907,30432
84910,20220908,30339
85291,20220913,30868
85672,20220914,30300
86053,20220915,30642
86434,20220916,30168
86815,20220919,30256
87196,20220920,30305
87577,20220921,29918
87958,20220922,29458
88339,20220923,29424
88720,20220926,28744
89101,20220927,28338
89482,20220928,28245
89863,20220929,28196
90244,20220930,27746
90625,20221004,28152
91006,20221005,28670
91387,20221006,28519
91768,20221007,28362
92149,20221011,27829
92530,20221012,28000
92911,20221013,28064
93292,20221014,28289
93673,20221017,28078
94054,20221018,28783
94435,20221019,28852
94816,20221020,28387
95197,20221021,28279
95578,20221024,28866
95959,20221025,28656
96340,20221026,28685
96721,20221027,29033
97102,20221028,29277
97483,20221031,29321
97864,20221101,29518
98245,20221102,29680
98626,20221103,29301
99007,20221104,29704
99388,20221107,30102
99769,20221108,30514
100150,20221109,30775
100531,20221110,30770
100912,20221111,31659
101293,20221114,31860
101674,20221115,31708
102055,20221116,31654
102817,20221118,31261
103198,20221121,31079
103579,20221122,30809
103960,20221123,30917
104341,20221124,31138
104722,20221125,31113
105103,20221128,30676
105484,20221129,30647
105865,20221130,30956
106246,20221201,31899
106627,20221202,31398
107008,20221205,31010
107389,20221206,30603
107770,20221207,30352
108151,20221208,30303
108532,20221209,30485
108913,20221212,30485
109293,20221213,30608
109674,20221214,30681
110055,20221215,30578
110436,20221216,29915
110817,20221219,30043
111198,20221220,29969
111579,20221221,29994
111960,20221222,29964
112341,20221223,29905
112722,20221226,29684
113103,20221227,29999
113484,20221228,29684
113865,20221229,29444
114567,20230103,28712
114948,20230104,28737
115329,20230105,29753
115710,20230106,29763
116091,20230109,30446
116472,20230110,30838
116853,20230111,31094
117234,20230112,31064
117615,20230113,31202
117996,20230116,31403
118377,20230117,31442
118758,20230118,31153
119139,20230119,31001
119520,20230120,31408
119901,20230125,31914
120282,20230126,32022
120663,20230127,32518
121044,20230130,32709
121425,20230131,31991
121806,20230201,31932
122187,20230202,32458
122568,20230203,32306
122949,20230206,32104
123330,20230207,31794
123711,20230208,32163
124092,20230209,32237
124473,20230210,32153
124854,20230213,32109
125235,20230214,32444
125616,20230215,32193
125997,20230216,31947
126378,20230217,32006
126759,20230220,31853
127140,20230221,31937
127521,20230222,31651
127902,20230223,31745
128283,20230224,31907
128664,20230227,31213
129045,20230228,31538
129426,20230302,31637
129807,20230303,31538
130188,20230306,31809
130569,20230307,31952
130950,20230308,31489
131331,20230309,31558
131712,20230310,30928
132093,20230313,31061
132474,20230314,30775
132855,20230315,30864
133236,20230316,30470
133617,20230317,31075
133998,20230320,31016
134379,20230321,31075
134760,20230322,31164
135141,20230323,31080
135522,20230324,31410
135903,20230327,31297
136284,20230328,31317
136665,20230329,31558
137046,20230330,31691
137427,20230331,31907
137808,20230403,32075
138189,20230404,32104
138570,20230405,32257
138951,20230406,32114
139332,20230407,32055
139713,20230410,32557
140094,20230411,32769
140475,20230412,33148
140856,20230413,33079
141237,20230414,33418
141618,20230417,33246
141999,20230418,33330
142380,20230419,33418
142761,20230420,33138
143142,20230421,33192
143523,20230424,32931
143904,20230425,32887
144285,20230426,32375
144666,20230427,32240
145047,20230428,32614
145428,20230502,32799
145809,20230503,32694
146190,20230504,32465
146571,20230508,32809
146951,20230509,32829
147332,20230510,32659
147713,20230511,32704
148094,20230512,32360
148475,20230515,32275
148856,20230516,32704
149237,20230517,32475
149618,20230518,32839
149999,20230519,33223
150380,20230522,33432
150761,20230523,33672
151142,20230524,33582
151523,20230525,33747
151904,20230526,33657
152285,20230530,34026
152666,20230531,34126
153047,20230601,33891
153428,20230602,34031
153809,20230605,34345
154190,20230607,34405
154571,20230608,34151
154952,20230609,34276
155333,20230612,34745
155714,20230613,34665
156095,20230614,34500
156476,20230615,34575
156857,20230616,34415
157238,20230619,34350
157619,20230620,34196
158000,20230621,34106
158381,20230622,33871
158762,20230623,34131
159143,20230626,33747
159524,20230627,33857
159905,20230628,34001
160286,20230629,33951
160667,20230630,33672
161048,20230703,34186
161429,20230704,34370
161810,20230705,34326
162191,20230706,33737
162572,20230707,33427
162953,20230710,33228
163334,20230711,33472
163715,20230712,33802
164096,20230713,34281
164477,20230714,34405
164858,20230717,34595
165239,20230718,34675
165620,20230719,34525
166001,20230720,34146
166382,20230721,33911
166763,20230724,34196
167144,20230725,34530
167525,20230726,34470
167906,20230727,34211
168287,20230728,34355
168668,20230731,34720
169049,20230801,34875
169430,20230802,34905
169811,20230803,34430
170192,20230804,34155
170573,20230807,34130
170954,20230808,34215
171335,20230809,34020
171716,20230810,34015
172097,20230811,34305
172478,20230814,33880
172859,20230816,33375
173240,20230817,32890
173621,20230818,32825
174002,20230821,33030
174383,20230822,33210
174764,20230823,32940
175145,20230824,33385
175526,20230825,33035
175907,20230828,33185
176288,20230829,33360
176669,20230830,33790
177050,20230831,33660
177431,20230901,33620
177812,20230904,34010
178193,20230905,34160
178574,20230906,34030
178955,20230907,33815
179336,20230908,33685
179716,20230911,33690
180097,20230912,33875
180477,20230913,33810
180858,20230914,33785
181239,20230915,34275
181620,20230918,34465
182001,20230919,34170
182382,20230920,33965
182763,20230921,33735
183144,20230922,33055
183525,20230925,33185
183906,20230926,33175
184287,20230927,32770
184668,20231004,32255
185049,20231005,32205
185430,20231006,32085
185811,20231010,32485
186192,20231011,32735
186573,20231012,32970
186954,20231013,32810
187335,20231016,32675
187716,20231017,32795
188097,20231018,32900
188478,20231019,32550
188859,20231020,32115
189240,20231023,31850
189621,20231024,31865
190002,20231025,32065
190383,20231026,31400
