,date,open
19,20211018,37473
400,20211019,37996
781,20211020,38097
1162,20211021,37871
1543,20211022,37790
1924,20211025,37574
2305,20211026,38135
2686,20211027,38126
3067,20211028,38092
3448,20211029,37934
3829,20211101,37554
4210,20211102,38049
4591,20211103,37722
4972,20211104,37943
5353,20211105,37588
5734,20211108,37222
6115,20211109,37640
6496,20211110,37342
6877,20211111,36881
7258,20211112,37410
7639,20211115,37737
8020,20211116,37833
8401,20211117,37751
9163,20211119,37395
9544,20211122,38020
9925,20211123,38203
10306,20211124,38251
10687,20211125,37833
11068,20211126,37559
11449,20211129,36910
11830,20211130,37059
12211,20211201,36093
12592,20211202,36905
12973,20211203,37227
13354,20211206,37280
13735,20211207,37607
14116,20211208,38510
14497,20211209,38260
14878,20211210,38203
15259,20211213,38515
15640,20211214,38025
16021,20211215,37842
16402,20211216,38255
16783,20211217,38102
17164,20211220,37943
17545,20211221,37823
17926,20211222,38159
18307,20211223,38140
18688,20211224,38635
19069,20211227,38529
19450,20211228,38246
19831,20211229,38702
20212,20211230,38520
20914,20220104,38347
21295,20220105,38169
21676,20220106,37794
22057,20220107,37804
22438,20220110,37535
22819,20220111,37780
23200,20220112,38217
23581,20220113,38332
23962,20220114,37895
24343,20220117,37482
24724,20220118,37208
25105,20220119,36876
25486,20220120,36809
25867,20220121,36636
26248,20220124,36463
26629,20220125,35790
27010,20220126,35454
27391,20220127,34935
27772,20220128,34136
28153,20220203,35445
28534,20220204,35580
28915,20220207,35122
29296,20220208,35714
29677,20220209,35806
30058,20220210,36167
30439,20220211,35743
30820,20220214,35402
31201,20220215,35329
31582,20220216,35599
31963,20220217,35936
32344,20220218,35661
32725,20220221,35233
33106,20220222,35339
33487,20220223,35570
33868,20220224,34983
34249,20220225,34968
34630,20220228,34771
35011,20220302,35199
35392,20220303,35507
35773,20220304,35349
36154,20220307,34501
36535,20220308,34145
36916,20220310,34694
37297,20220311,34655
37678,20220314,34675
38059,20220315,34304
38440,20220316,34410
38821,20220317,35402
39202,20220318,35137
39583,20220321,35195
39964,20220322,35074
40345,20220323,35652
40726,20220324,35281
41107,20220325,35276
41488,20220328,34988
41869,20220329,35426
42250,20220330,35748
42631,20220331,35685
43012,20220401,35334
43393,20220404,35334
43774,20220405,35522
44155,20220406,35339
44536,20220407,34930
44917,20220408,34790
45298,20220411,34646
45679,20220412,34578
46060,20220413,34535
46441,20220414,34915
46822,20220415,34468
47203,20220418,34429
47584,20220419,34872
47965,20220420,34660
48346,20220421,35127
48727,20220422,34588
49108,20220425,34251
49489,20220426,34261
49870,20220427,33606
50251,20220428,33828
50632,20220429,34487
51013,20220502,34365
51394,20220503,34521
51775,20220504,34697
52156,20220506,34042
52537,20220509,34038
52918,20220510,33154
53299,20220511,33530
53680,20220512,33149
54061,20220513,33300
54442,20220516,33930
54823,20220517,33945
55204,20220518,34306
55585,20220519,33359
55966,20220520,33881
56347,20220523,34296
56728,20220524,34140
57109,20220525,33681
57490,20220526,33998
57871,20220527,34062
58252,20220530,34301
58633,20220531,34404
59014,20220602,34306
59395,20220603,34492
59776,20220607,34057
60157,20220608,33876
60538,20220609,33666
60919,20220610,33452
61300,20220613,32675
61681,20220614,31899
62062,20220615,31909
62443,20220616,32045
62824,20220617,31093
63205,20220620,31015
63585,20220621,30815
63966,20220622,30874
64347,20220623,30200
64728,20220624,30161
65109,20220627,30512
65490,20220628,31088
65871,20220629,30834
66252,20220630,30351
66633,20220701,30336
67014,20220704,30000
67395,20220705,30053
67776,20220706,29951
68157,20220707,29946
68538,20220708,30488
68919,20220711,30502
69300,20220712,29931
69681,20220713,30087
70062,20220714,29975
70443,20220715,29838
70824,20220718,30556
71205,20220719,30664
71586,20220720,31201
71967,20220721,31030
72348,20220722,31362
72729,20220725,31347
73110,20220726,31127
73491,20220727,31342
73872,20220728,31582
74253,20220729,31802
74634,20220801,31587
75015,20220802,31567
75396,20220803,31538
75777,20220804,31832
76158,20220805,32086
76539,20220808,31929
76920,20220809,32013
77301,20220810,31851
77682,20220811,32223
78063,20220812,32414
78444,20220816,32473
78825,20220817,32634
79206,20220818,32022
79587,20220819,32047
79968,20220822,31572
80349,20220823,31474
80730,20220824,31401
81111,20220825,31489
81492,20220826,31846
81873,20220829,30936
82254,20220830,31147
82635,20220831,30990
83016,20220901,31024
83397,20220902,30838
83778,20220905,30858
84159,20220906,30799
84540,20220907,30315
84921,20220908,30373
85302,20220913,30951
85683,20220914,30290
86064,20220915,30589
86445,20220916,30168
86826,20220919,30187
87207,20220920,30320
87588,20220921,29962
87969,20220922,29429
88350,20220923,29424
88731,20220926,28675
89112,20220927,28436
89493,20220928,28245
89874,20220929,28201
90255,20220930,27780
90636,20221004,28235
91017,20221005,28661
91398,20221006,28670
91779,20221007,28411
92160,20221011,27819
92541,20221012,28000
92922,20221013,28039
93303,20221014,28196
93684,20221017,28020
94065,20221018,28749
94446,20221019,28788
94827,20221020,28387
95208,20221021,28352
95589,20221024,28832
95970,20221025,28773
96351,20221026,28710
96732,20221027,29155
97113,20221028,29247
97494,20221031,29262
97875,20221101,29601
98256,20221102,29719
98637,20221103,29213
99018,20221104,29645
99399,20221107,30156
99780,20221108,30421
100161,20221109,30789
100542,20221110,30858
100923,20221111,31619
101304,20221114,31875
101685,20221115,31688
102066,20221116,31536
102828,20221118,31388
103209,20221121,31030
103590,20221122,30946
103971,20221123,30961
104352,20221124,31099
104733,20221125,31113
105114,20221128,30637
105495,20221129,30691
105876,20221130,30937
106257,20221201,31943
106638,20221202,31334
107019,20221205,30996
107400,20221206,30671
107781,20221207,30436
108162,20221208,30298
108543,20221209,30485
108924,20221212,30524
109304,20221213,30549
109685,20221214,30716
110066,20221215,30613
110447,20221216,30013
110828,20221219,30141
111209,20221220,29955
111590,20221221,29955
111971,20221222,29920
112352,20221223,29827
112733,20221226,29689
113114,20221227,29905
113495,20221228,29724
113876,20221229,29444
114578,20230103,28643
114959,20230104,28909
115340,20230105,29832
115721,20230106,29684
116102,20230109,30514
116483,20230110,30799
116864,20230111,31020
117245,20230112,30976
117626,20230113,31207
118007,20230116,31349
118388,20230117,31546
118769,20230118,31104
119150,20230119,31045
119531,20230120,31344
119912,20230125,32032
120293,20230126,31992
120674,20230127,32464
121055,20230130,32655
121436,20230131,32099
121817,20230201,31853
122198,20230202,32449
122579,20230203,32222
122960,20230206,31976
123341,20230207,31843
123722,20230208,32207
124103,20230209,32183
124484,20230210,32257
124865,20230213,32055
125246,20230214,32424
125627,20230215,32016
126008,20230216,31937
126389,20230217,32020
126770,20230220,31725
127151,20230221,31952
127532,20230222,31597
127913,20230223,31779
128294,20230224,31917
128675,20230227,31189
129056,20230228,31514
129437,20230302,31661
129818,20230303,31617
130199,20230306,31715
130580,20230307,31952
130961,20230308,31440
131342,20230309,31538
131723,20230310,30933
132104,20230313,30928
132485,20230314,30746
132866,20230315,30815
133247,20230316,30436
133628,20230317,31012
134009,20230320,31105
134390,20230321,30977
134771,20230322,31174
135152,20230323,31144
135533,20230324,31405
135914,20230327,31135
136295,20230328,31307
136676,20230329,31518
137057,20230330,31701
137438,20230331,31937
137819,20230403,32055
138200,20230404,32203
138581,20230405,32276
138962,20230406,32035
139343,20230407,32114
139724,20230410,32522
140105,20230411,32773
140486,20230412,33113
140867,20230413,33039
141248,20230414,33359
141629,20230417,33280
142010,20230418,33261
142391,20230419,33330
142772,20230420,33261
143153,20230421,33064
143534,20230424,32916
143915,20230425,32857
144296,20230426,32409
144677,20230427,32100
145058,20230428,32614
145439,20230502,32829
145820,20230503,32714
146201,20230504,32554
146582,20230508,32894
146962,20230509,32759
147343,20230510,32694
147724,20230511,32719
148105,20230512,32345
148486,20230515,32275
148867,20230516,32699
149248,20230517,32524
149629,20230518,32909
150010,20230519,33218
150391,20230522,33602
150772,20230523,33742
151153,20230524,33607
151534,20230525,33717
151915,20230526,33622
152296,20230530,33981
152677,20230531,34156
153058,20230601,33847
153439,20230602,34051
153820,20230605,34355
154201,20230607,34460
154582,20230608,34111
154963,20230609,34345
155344,20230612,34685
155725,20230613,34645
156106,20230614,34525
156487,20230615,34615
156868,20230616,34355
157249,20230619,34286
157630,20230620,34116
158011,20230621,34081
158392,20230622,33971
158773,20230623,34051
159154,20230626,33832
159535,20230627,33827
159916,20230628,33931
160297,20230629,34006
160678,20230630,33612
161059,20230703,34221
161440,20230704,34435
161821,20230705,34161
162202,20230706,33712
162583,20230707,33303
162964,20230710,33273
163345,20230711,33527
163726,20230712,33767
164107,20230713,34296
164488,20230714,34465
164869,20230717,34645
165250,20230718,34600
165631,20230719,34490
166012,20230720,34241
166393,20230721,33862
166774,20230724,34226
167155,20230725,34505
167536,20230726,34465
167917,20230727,34251
168298,20230728,34405
168679,20230731,34655
169060,20230801,34925
169441,20230802,34960
169822,20230803,34315
170203,20230804,34235
170584,20230807,34255
170965,20230808,34080
171346,20230809,34100
171727,20230810,34035
172108,20230811,34360
172489,20230814,33890
172870,20230816,33435
173251,20230817,32795
173632,20230818,32845
174013,20230821,33030
174394,20230822,33175
174775,20230823,33005
175156,20230824,33420
175537,20230825,33030
175918,20230828,33175
176299,20230829,33475
176680,20230830,33770
177061,20230831,33645
177442,20230901,33630
177823,20230904,34015
178204,20230905,34125
178585,20230906,34030
178966,20230907,33785
179347,20230908,33725
179727,20230911,33665
180108,20230912,33860
180488,20230913,33775
180869,20230914,33835
181250,20230915,34245
181631,20230918,34365
182012,20230919,34170
182393,20230920,33975
182774,20230921,33730
183155,20230922,32990
183536,20230925,33155
183917,20230926,33005
184298,20230927,32735
184679,20231004,32200
185060,20231005,32110
185441,20231006,32160
185822,20231010,32615
186203,20231011,32695
186584,20231012,32920
186965,20231013,32815
187346,20231016,32640
187727,20231017,32805
188108,20231018,32870
188489,20231019,32550
188870,20231020,31965
189251,20231023,31900
189632,20231024,31765
190013,20231025,32030
190394,20231026,31355
