,date,open
6,20211018,37560
387,20211019,37967
768,20211020,38202
1149,20211021,37910
1530,20211022,37756
1911,20211025,37612
2292,20211026,38154
2673,20211027,38245
3054,20211028,38001
3435,20211029,38049
3816,20211101,37501
4197,20211102,37881
4578,20211103,37861
4959,20211104,37905
5340,20211105,37684
5721,20211108,37275
6102,20211109,37708
6483,20211110,37501
6864,20211111,36862
7245,20211112,37323
7626,20211115,37727
8007,20211116,37847
8388,20211117,37866
9150,20211119,37487
9531,20211122,37919
9912,20211123,38294
10293,20211124,38203
10674,20211125,37852
11055,20211126,37664
11436,20211129,36838
11817,20211130,37064
12198,20211201,36213
12579,20211202,36689
12960,20211203,37227
13341,20211206,37501
13722,20211207,37684
14103,20211208,38529
14484,20211209,38222
14865,20211210,38231
15246,20211213,38438
15627,20211214,37958
16008,20211215,37799
16389,20211216,38352
16770,20211217,37991
17151,20211220,37967
17532,20211221,37837
17913,20211222,38241
18294,20211223,38169
18675,20211224,38544
19056,20211227,38501
19437,20211228,38385
19818,20211229,38731
20199,20211230,38669
20901,20220104,38390
21282,20220105,38318
21663,20220106,37674
22044,20220107,37746
22425,20220110,37669
22806,20220111,37866
23187,20220112,38135
23568,20220113,38419
23949,20220114,37717
24330,20220117,37535
24711,20220118,37323
25092,20220119,36785
25473,20220120,36727
25854,20220121,36655
26235,20220124,36511
26616,20220125,35862
26997,20220126,35372
27378,20220127,35272
27759,20220128,34237
28140,20220203,35589
28521,20220204,35464
28902,20220207,35204
29283,20220208,35743
29664,20220209,35724
30045,20220210,36196
30426,20220211,35787
30807,20220214,35618
31188,20220215,35349
31569,20220216,35628
31950,20220217,35791
32331,20220218,35724
32712,20220221,35262
33093,20220222,35286
33474,20220223,35633
33855,20220224,35093
34236,20220225,34935
34617,20220228,34699
34998,20220302,35219
35379,20220303,35522
35760,20220304,35527
36141,20220307,34583
36522,20220308,33914
36903,20220310,34655
37284,20220311,34530
37665,20220314,34521
38046,20220315,34391
38427,20220316,34473
38808,20220317,35349
39189,20220318,35170
39570,20220321,35238
39951,20220322,35065
40332,20220323,35575
40713,20220324,35281
41094,20220325,35382
41475,20220328,34954
41856,20220329,35580
42237,20220330,35714
42618,20220331,35584
42999,20220401,35426
43380,20220404,35223
43761,20220405,35657
44142,20220406,35267
44523,20220407,34915
44904,20220408,34805
45285,20220411,34564
45666,20220412,34603
46047,20220413,34501
46428,20220414,34992
46809,20220415,34554
47190,20220418,34371
47571,20220419,34785
47952,20220420,34728
48333,20220421,35021
48714,20220422,34574
49095,20220425,34203
49476,20220426,34227
49857,20220427,33678
50238,20220428,33852
50619,20220429,34311
51000,20220502,34487
51381,20220503,34550
51762,20220504,34687
52143,20220506,34062
52524,20220509,34013
52905,20220510,33471
53286,20220511,33447
53667,20220512,33237
54048,20220513,33330
54429,20220516,34062
54810,20220517,33813
55191,20220518,34287
55572,20220519,33403
55953,20220520,33798
56334,20220523,34218
56715,20220524,34135
57096,20220525,33798
57477,20220526,33925
57858,20220527,34155
58239,20220530,34389
58620,20220531,34448
59001,20220602,34345
59382,20220603,34536
59763,20220607,34077
60144,20220608,33828
60525,20220609,33715
60906,20220610,33442
61287,20220613,32812
61668,20220614,31806
62049,20220615,31967
62430,20220616,31967
62811,20220617,30971
63192,20220620,31113
63572,20220621,30893
63953,20220622,30947
64334,20220623,30278
64715,20220624,30053
65096,20220627,30664
65477,20220628,31118
65858,20220629,30834
66239,20220630,30410
66620,20220701,30424
67001,20220704,29721
67382,20220705,30009
67763,20220706,29990
68144,20220707,29863
68525,20220708,30458
68906,20220711,30356
69287,20220712,30092
69668,20220713,30087
70049,20220714,29887
70430,20220715,30058
70811,20220718,30556
71192,20220719,30600
71573,20220720,31210
71954,20220721,31079
72335,20220722,31235
72716,20220725,31206
73097,20220726,31157
73478,20220727,31240
73859,20220728,31753
74240,20220729,31763
74621,20220801,31504
75002,20220802,31538
75383,20220803,31474
75764,20220804,31861
76145,20220805,32022
76526,20220808,31964
76907,20220809,32086
77288,20220810,31905
77669,20220811,32155
78050,20220812,32453
78431,20220816,32507
78812,20220817,32610
79193,20220818,32042
79574,20220819,32037
79955,20220822,31655
80336,20220823,31396
80717,20220824,31362
81098,20220825,31474
81479,20220826,31890
81860,20220829,31024
82241,20220830,31176
82622,20220831,31014
83003,20220901,31142
83384,20220902,30882
83765,20220905,30794
84146,20220906,30745
84527,20220907,30417
84908,20220908,30378
85289,20220913,30863
85670,20220914,30324
86051,20220915,30677
86432,20220916,30134
86813,20220919,30251
87194,20220920,30290
87575,20220921,29918
87956,20220922,29468
88337,20220923,29458
88718,20220926,28710
89099,20220927,28347
89480,20220928,28220
89861,20220929,28225
90242,20220930,27721
90623,20221004,28147
91004,20221005,28714
91385,20221006,28582
91766,20221007,28338
92147,20221011,27785
92528,20221012,27971
92909,20221013,28088
93290,20221014,28289
93671,20221017,28044
94052,20221018,28763
94433,20221019,28817
94814,20221020,28367
95195,20221021,28279
95576,20221024,28842
95957,20221025,28622
96338,20221026,28724
96719,20221027,29042
97100,20221028,29243
97481,20221031,29365
97862,20221101,29483
98243,20221102,29689
98624,20221103,29346
99005,20221104,29680
99386,20221107,30018
99767,20221108,30465
100148,20221109,30789
100529,20221110,30726
100910,20221111,31654
101291,20221114,31840
101672,20221115,31688
102053,20221116,31673
102815,20221118,31246
103196,20221121,31055
103577,20221122,30853
103958,20221123,30961
104339,20221124,31138
104720,20221125,31143
105101,20221128,30721
105482,20221129,30652
105863,20221130,30937
106244,20221201,31904
106625,20221202,31423
107006,20221205,31030
107387,20221206,30559
107768,20221207,30377
108149,20221208,30318
108530,20221209,30514
108911,20221212,30455
109291,20221213,30632
109672,20221214,30627
110053,20221215,30544
110434,20221216,29901
110815,20221219,30072
111196,20221220,29935
111577,20221221,30013
111958,20221222,29964
112339,20221223,29881
112720,20221226,29724
113101,20221227,29969
113482,20221228,29724
113863,20221229,29439
114565,20230103,28722
114946,20230104,28771
115327,20230105,29704
115708,20230106,29738
116089,20230109,30426
116470,20230110,30770
116851,20230111,31118
117232,20230112,31069
117613,20230113,31187
117994,20230116,31369
118375,20230117,31349
118756,20230118,31148
119137,20230119,31015
119518,20230120,31403
119899,20230125,31914
120280,20230126,31963
120661,20230127,32488
121042,20230130,32709
121423,20230131,32016
121804,20230201,31922
122185,20230202,32552
122566,20230203,32262
122947,20230206,32119
123328,20230207,31701
123709,20230208,32198
124090,20230209,32276
124471,20230210,32070
124852,20230213,32109
125233,20230214,32399
125614,20230215,32178
125995,20230216,31873
126376,20230217,31956
126757,20230220,31848
127138,20230221,31976
127519,20230222,31681
127900,20230223,31715
128281,20230224,31922
128662,20230227,31233
129043,20230228,31479
129424,20230302,31582
129805,20230303,31602
130186,20230306,31745
130567,20230307,31937
130948,20230308,31464
131329,20230309,31538
131710,20230310,30893
132091,20230313,31115
132472,20230314,30810
132853,20230315,30849
133234,20230316,30495
133615,20230317,31115
133996,20230320,31016
134377,20230321,31056
134758,20230322,31154
135139,20230323,31095
135520,20230324,31430
135901,20230327,31331
136282,20230328,31277
136663,20230329,31533
137044,20230330,31705
137425,20230331,31888
137806,20230403,32134
138187,20230404,32070
138568,20230405,32222
138949,20230406,32109
139330,20230407,32070
139711,20230410,32463
140092,20230411,32764
140473,20230412,33084
140854,20230413,33093
141235,20230414,33536
141616,20230417,33221
141997,20230418,33335
142378,20230419,33379
142759,20230420,33148
143140,20230421,33138
143521,20230424,32931
143902,20230425,32887
144283,20230426,32380
144664,20230427,32285
145045,20230428,32629
145426,20230502,32789
145807,20230503,32679
146188,20230504,32480
146569,20230508,32874
146949,20230509,32829
147330,20230510,32664
147711,20230511,32719
148092,20230512,32370
148473,20230515,32215
148854,20230516,32719
149235,20230517,32489
149616,20230518,32854
149997,20230519,33253
150378,20230522,33412
150759,20230523,33657
151140,20230524,33567
151521,20230525,33752
151902,20230526,33617
152283,20230530,33991
152664,20230531,34121
153045,20230601,33881
153426,20230602,34051
153807,20230605,34375
154188,20230607,34385
154569,20230608,34171
154950,20230609,34276
155331,20230612,34730
155712,20230613,34615
156093,20230614,34570
156474,20230615,34595
156855,20230616,34445
157236,20230619,34345
157617,20230620,34226
157998,20230621,34131
158379,20230622,33891
158760,20230623,34116
159141,20230626,33747
159522,20230627,33891
159903,20230628,34001
160284,20230629,33971
160665,20230630,33707
161046,20230703,34171
161427,20230704,34321
161808,20230705,34350
162189,20230706,33807
162570,20230707,33472
162951,20230710,33208
163332,20230711,33437
163713,20230712,33797
164094,20230713,34266
164475,20230714,34430
164856,20230717,34605
165237,20230718,34730
165618,20230719,34530
165999,20230720,34191
166380,20230721,33926
166761,20230724,34171
167142,20230725,34555
167523,20230726,34490
167904,20230727,34271
168285,20230728,34315
168666,20230731,34725
169047,20230801,34830
169428,20230802,34930
169809,20230803,34455
170190,20230804,34235
170571,20230807,34080
170952,20230808,34225
171333,20230809,33985
171714,20230810,34030
172095,20230811,34330
172476,20230814,33845
172857,20230816,33405
173238,20230817,32950
173619,20230818,32795
174000,20230821,33025
174381,20230822,33285
174762,20230823,32890
175143,20230824,33335
175524,20230825,33040
175905,20230828,33210
176286,20230829,33365
176667,20230830,33785
177048,20230831,33655
177429,20230901,33640
177810,20230904,34020
178191,20230905,34160
178572,20230906,34020
178953,20230907,33780
179334,20230908,33670
179714,20230911,33720
180095,20230912,33890
180475,20230913,33775
180856,20230914,33760
181237,20230915,34270
181618,20230918,34475
181999,20230919,34155
182380,20230920,33970
182761,20230921,33745
183142,20230922,33000
183523,20230925,33165
183904,20230926,33170
184285,20230927,32735
184666,20231004,32195
185047,20231005,32205
185428,20231006,32080
185809,20231010,32485
186190,20231011,32725
186571,20231012,32935
186952,20231013,32810
187333,20231016,32680
187714,20231017,32775
188095,20231018,32900
188476,20231019,32560
188857,20231020,32145
189238,20231023,31845
189619,20231024,31870
190000,20231025,32055
190381,20231026,31370
