,date,open
17,20211018,37435
398,20211019,38034
779,20211020,38106
1160,20211021,37900
1541,20211022,37785
1922,20211025,37536
2303,20211026,38130
2684,20211027,38183
3065,20211028,38073
3446,20211029,38006
3827,20211101,37573
4208,20211102,38063
4589,20211103,37732
4970,20211104,37962
5351,20211105,37564
5732,20211108,37222
6113,20211109,37693
6494,20211110,37357
6875,20211111,36872
7256,20211112,37371
7637,20211115,37746
8018,20211116,37852
8399,20211117,37751
9161,20211119,37458
9542,20211122,37962
9923,20211123,38222
10304,20211124,38270
10685,20211125,37857
11066,20211126,37588
11447,20211129,36872
11828,20211130,37045
12209,20211201,36050
12590,20211202,36833
12971,20211203,37193
13352,20211206,37314
13733,20211207,37592
14114,20211208,38505
14495,20211209,38255
14876,20211210,38227
15257,20211213,38505
15638,20211214,37982
16019,20211215,37804
16400,20211216,38308
16781,20211217,38092
17162,20211220,37924
17543,20211221,37871
17924,20211222,38169
18305,20211223,38140
18686,20211224,38640
19067,20211227,38496
19448,20211228,38265
19829,20211229,38698
20210,20211230,38481
20912,20220104,38294
21293,20220105,38251
21674,20220106,37789
22055,20220107,37813
22436,20220110,37535
22817,20220111,37809
23198,20220112,38155
23579,20220113,38347
23960,20220114,37847
24341,20220117,37491
24722,20220118,37237
25103,20220119,36814
25484,20220120,36843
25865,20220121,36622
26246,20220124,36482
26627,20220125,35771
27008,20220126,35492
27389,20220127,34862
27770,20220128,34222
28151,20220203,35503
28532,20220204,35551
28913,20220207,35137
29294,20220208,35685
29675,20220209,35787
30056,20220210,36157
30437,20220211,35763
30818,20220214,35445
31199,20220215,35377
31580,20220216,35613
31961,20220217,35926
32342,20220218,35608
32723,20220221,35214
33104,20220222,35262
33485,20220223,35589
33866,20220224,35055
34247,20220225,34935
34628,20220228,34757
35009,20220302,35151
35390,20220303,35483
35771,20220304,35349
36152,20220307,34492
36533,20220308,34083
36914,20220310,34680
37295,20220311,34665
37676,20220314,34612
38057,20220315,34304
38438,20220316,34396
38819,20220317,35373
39200,20220318,35137
39581,20220321,35195
39962,20220322,35055
40343,20220323,35637
40724,20220324,35276
41105,20220325,35272
41486,20220328,34983
41867,20220329,35483
42248,20220330,35772
42629,20220331,35695
43010,20220401,35339
43391,20220404,35305
43772,20220405,35551
44153,20220406,35339
44534,20220407,34944
44915,20220408,34809
45296,20220411,34627
45677,20220412,34550
46058,20220413,34526
46439,20220414,34915
46820,20220415,34473
47201,20220418,34463
47582,20220419,34877
47963,20220420,34704
48344,20220421,35118
48725,20220422,34612
49106,20220425,34280
49487,20220426,34208
49868,20220427,33621
50249,20220428,33862
50630,20220429,34462
51011,20220502,34360
51392,20220503,34570
51773,20220504,34702
52154,20220506,34023
52535,20220509,34028
52916,20220510,33159
53297,20220511,33505
53678,20220512,33124
54059,20220513,33300
54440,20220516,33930
54821,20220517,33915
55202,20220518,34301
55583,20220519,33398
55964,20220520,33915
56345,20220523,34213
56726,20220524,34199
57107,20220525,33662
57488,20220526,34013
57869,20220527,34101
58250,20220530,34340
58631,20220531,34404
59012,20220602,34301
59393,20220603,34497
59774,20220607,34077
60155,20220608,33891
60536,20220609,33686
60917,20220610,33456
61298,20220613,32685
61679,20220614,31889
62060,20220615,31870
62441,20220616,32050
62822,20220617,31059
63203,20220620,31000
63583,20220621,30878
63964,20220622,30859
64345,20220623,30278
64726,20220624,30112
65107,20220627,30542
65488,20220628,31044
65869,20220629,30878
66250,20220630,30327
66631,20220701,30322
67012,20220704,29960
67393,20220705,30058
67774,20220706,29946
68155,20220707,29931
68536,20220708,30502
68917,20220711,30512
69298,20220712,30009
69679,20220713,30107
70060,20220714,29980
70441,20220715,29819
70822,20220718,30507
71203,20220719,30649
71584,20220720,31210
71965,20220721,31035
72346,20220722,31342
72727,20220725,31293
73108,20220726,31108
73489,20220727,31313
73870,20220728,31577
74251,20220729,31797
74632,20220801,31548
75013,20220802,31562
75394,20220803,31518
75775,20220804,31851
76156,20220805,32081
76537,20220808,31910
76918,20220809,32022
77299,20220810,31871
77680,20220811,32213
78061,20220812,32414
78442,20220816,32478
78823,20220817,32634
79204,20220818,32018
79585,20220819,32027
79966,20220822,31587
80347,20220823,31430
80728,20220824,31411
81109,20220825,31469
81490,20220826,31836
81871,20220829,30980
82252,20220830,31161
82633,20220831,30995
83014,20220901,31039
83395,20220902,30833
83776,20220905,30887
84157,20220906,30789
84538,20220907,30329
84919,20220908,30383
85300,20220913,30936
85681,20220914,30285
86062,20220915,30608
86443,20220916,30129
86824,20220919,30168
87205,20220920,30349
87586,20220921,29948
87967,20220922,29453
88348,20220923,29419
88729,20220926,28675
89110,20220927,28460
89491,20220928,28235
89872,20220929,28176
90253,20220930,27741
90634,20221004,28235
91015,20221005,28656
91396,20221006,28622
91777,20221007,28411
92158,20221011,27824
92539,20221012,27980
92920,20221013,28034
93301,20221014,28171
93682,20221017,28015
94063,20221018,28793
94444,20221019,28773
94825,20221020,28406
95206,20221021,28328
95587,20221024,28832
95968,20221025,28744
96349,20221026,28695
96730,20221027,29130
97111,20221028,29257
97492,20221031,29287
97873,20221101,29606
98254,20221102,29709
98635,20221103,29238
99016,20221104,29675
99397,20221107,30122
99778,20221108,30451
100159,20221109,30789
100540,20221110,30858
100921,20221111,31649
101302,20221114,31835
101683,20221115,31713
102064,20221116,31555
102826,20221118,31384
103207,20221121,31040
103588,20221122,30951
103969,20221123,30966
104350,20221124,31133
104731,20221125,31099
105112,20221128,30632
105493,20221129,30701
105874,20221130,30907
106255,20221201,31884
106636,20221202,31305
107017,20221205,31040
107398,20221206,30676
107779,20221207,30421
108160,20221208,30284
108541,20221209,30441
108922,20221212,30519
109302,20221213,30549
109683,20221214,30716
110064,20221215,30598
110445,20221216,30004
110826,20221219,30107
111207,20221220,29964
111588,20221221,29969
111969,20221222,29935
112350,20221223,29812
112731,20221226,29694
113112,20221227,29920
113493,20221228,29724
113874,20221229,29424
114576,20230103,28639
114957,20230104,28889
115338,20230105,29807
115719,20230106,29714
116100,20230109,30480
116481,20230110,30775
116862,20230111,31050
117243,20230112,30986
117624,20230113,31187
118005,20230116,31359
118386,20230117,31546
118767,20230118,31113
119148,20230119,31040
119529,20230120,31354
119910,20230125,31958
120291,20230126,31992
120672,20230127,32464
121053,20230130,32621
121434,20230131,32084
121815,20230201,31917
122196,20230202,32439
122577,20230203,32257
122958,20230206,31996
123339,20230207,31873
123720,20230208,32227
124101,20230209,32178
124482,20230210,32207
124863,20230213,32055
125244,20230214,32434
125625,20230215,32035
126006,20230216,31932
126387,20230217,32035
126768,20230220,31740
127149,20230221,31922
127530,20230222,31612
127911,20230223,31779
128292,20230224,31907
128673,20230227,31203
129054,20230228,31499
129435,20230302,31686
129816,20230303,31558
130197,20230306,31705
130578,20230307,31981
130959,20230308,31450
131340,20230309,31538
131721,20230310,30918
132102,20230313,30967
132483,20230314,30751
132864,20230315,30800
133245,20230316,30460
133626,20230317,31046
134007,20230320,31120
134388,20230321,31016
134769,20230322,31149
135150,20230323,31135
135531,20230324,31390
135912,20230327,31174
136293,20230328,31341
136674,20230329,31553
137055,20230330,31686
137436,20230331,31932
137817,20230403,32050
138198,20230404,32183
138579,20230405,32286
138960,20230406,32045
139341,20230407,32099
139722,20230410,32508
140103,20230411,32744
140484,20230412,33143
140865,20230413,33020
141246,20230414,33359
141627,20230417,33295
142008,20230418,33261
142389,20230419,33335
142770,20230420,33251
143151,20230421,33084
143532,20230424,32926
143913,20230425,32842
144294,20230426,32414
144675,20230427,32150
145056,20230428,32594
145437,20230502,32799
145818,20230503,32744
146199,20230504,32524
146580,20230508,32899
146960,20230509,32779
147341,20230510,32704
147722,20230511,32724
148103,20230512,32345
148484,20230515,32285
148865,20230516,32709
149246,20230517,32504
149627,20230518,32884
150008,20230519,33228
150389,20230522,33587
150770,20230523,33732
151151,20230524,33627
151532,20230525,33687
151913,20230526,33617
152294,20230530,34001
152675,20230531,34181
153056,20230601,33881
153437,20230602,34051
153818,20230605,34360
154199,20230607,34460
154580,20230608,34101
154961,20230609,34340
155342,20230612,34670
155723,20230613,34660
156104,20230614,34490
156485,20230615,34595
156866,20230616,34311
157247,20230619,34291
157628,20230620,34131
158009,20230621,34096
158390,20230622,33961
158771,20230623,34041
159152,20230626,33837
159533,20230627,33817
159914,20230628,33951
160295,20230629,34031
160676,20230630,33597
161057,20230703,34221
161438,20230704,34415
161819,20230705,34181
162200,20230706,33727
162581,20230707,33308
162962,20230710,33313
163343,20230711,33537
163724,20230712,33767
164105,20230713,34311
164486,20230714,34470
164867,20230717,34640
165248,20230718,34605
165629,20230719,34495
166010,20230720,34226
166391,20230721,33857
166772,20230724,34196
167153,20230725,34505
167534,20230726,34475
167915,20230727,34291
168296,20230728,34340
168677,20230731,34670
169058,20230801,34905
169439,20230802,34985
169820,20230803,34310
170201,20230804,34220
170582,20230807,34245
170963,20230808,34115
171344,20230809,34085
171725,20230810,34045
172106,20230811,34355
172487,20230814,33850
172868,20230816,33420
173249,20230817,32815
173630,20230818,32840
174011,20230821,33010
174392,20230822,33180
174773,20230823,33000
175154,20230824,33425
175535,20230825,33030
175916,20230828,33180
176297,20230829,33465
176678,20230830,33765
177059,20230831,33645
177440,20230901,33620
177821,20230904,34000
178202,20230905,34130
178583,20230906,34040
178964,20230907,33775
179345,20230908,33725
179725,20230911,33655
180106,20230912,33885
180486,20230913,33770
180867,20230914,33810
181248,20230915,34275
181629,20230918,34380
182010,20230919,34165
182391,20230920,33930
182772,20230921,33775
183153,20230922,33025
183534,20230925,33145
183915,20230926,33020
184296,20230927,32775
184677,20231004,32185
185058,20231005,32110
185439,20231006,32145
185820,20231010,32565
186201,20231011,32675
186582,20231012,32925
186963,20231013,32860
187344,20231016,32680
187725,20231017,32790
188106,20231018,32855
188487,20231019,32520
188868,20231020,31935
189249,20231023,31935
189630,20231024,31835
190011,20231025,32015
190392,20231026,31350
