,date,open
20,20211018,37483
401,20211019,37996
782,20211020,38111
1163,20211021,37900
1544,20211022,37795
1925,20211025,37565
2306,20211026,38130
2687,20211027,38116
3068,20211028,38082
3449,20211029,37938
3830,20211101,37535
4211,20211102,38058
4592,20211103,37737
4973,20211104,37929
5354,20211105,37568
5735,20211108,37218
6116,20211109,37554
6497,20211110,37299
6878,20211111,36833
7259,20211112,37443
7640,20211115,37727
8021,20211116,37818
8402,20211117,37717
9164,20211119,37424
9545,20211122,38001
9926,20211123,38231
10307,20211124,38203
10688,20211125,37833
11069,20211126,37501
11450,20211129,36939
11831,20211130,37011
12212,20211201,36055
12593,20211202,36924
12974,20211203,37246
13355,20211206,37256
13736,20211207,37597
14117,20211208,38496
14498,20211209,38260
14879,20211210,38174
15260,20211213,38529
15641,20211214,38006
16022,20211215,37847
16403,20211216,38222
16784,20211217,38078
17165,20211220,37914
17546,20211221,37818
17927,20211222,38135
18308,20211223,38135
18689,20211224,38640
19070,20211227,38510
19451,20211228,38217
19832,20211229,38731
20213,20211230,38515
20915,20220104,38332
21296,20220105,38116
21677,20220106,37785
22058,20220107,37789
22439,20220110,37544
22820,20220111,37770
23201,20220112,38203
23582,20220113,38352
23963,20220114,37890
24344,20220117,37525
24725,20220118,37227
25106,20220119,36876
25487,20220120,36795
25868,20220121,36636
26249,20220124,36449
26630,20220125,35776
27011,20220126,35440
27392,20220127,34920
27773,20220128,34165
28154,20220203,35416
28535,20220204,35594
28916,20220207,35127
29297,20220208,35695
29678,20220209,35772
30059,20220210,36176
30440,20220211,35695
30821,20220214,35416
31202,20220215,35334
31583,20220216,35618
31964,20220217,35907
32345,20220218,35700
32726,20220221,35262
33107,20220222,35300
33488,20220223,35589
33869,20220224,35036
34250,20220225,34954
34631,20220228,34781
35012,20220302,35209
35393,20220303,35551
35774,20220304,35339
36155,20220307,34521
36536,20220308,34121
36917,20220310,34699
37298,20220311,34665
37679,20220314,34675
38060,20220315,34338
38441,20220316,34420
38822,20220317,35402
39203,20220318,35161
39584,20220321,35204
39965,20220322,35065
40346,20220323,35647
40727,20220324,35300
41108,20220325,35276
41489,20220328,35007
41870,20220329,35421
42251,20220330,35743
42632,20220331,35690
43013,20220401,35325
43394,20220404,35325
43775,20220405,35527
44156,20220406,35373
44537,20220407,34891
44918,20220408,34781
45299,20220411,34660
45680,20220412,34530
46061,20220413,34545
46442,20220414,34911
46823,20220415,34420
47204,20220418,34424
47585,20220419,34867
47966,20220420,34660
48347,20220421,35098
48728,20220422,34578
49109,20220425,34246
49490,20220426,34242
49871,20220427,33582
50252,20220428,33842
50633,20220429,34497
51014,20220502,34370
51395,20220503,34497
51776,20220504,34692
52157,20220506,34047
52538,20220509,34028
52919,20220510,33134
53300,20220511,33525
53681,20220512,33159
54062,20220513,33339
54443,20220516,33901
54824,20220517,33950
55205,20220518,34306
55586,20220519,33373
55967,20220520,33896
56348,20220523,34321
56729,20220524,34125
57110,20220525,33671
57491,20220526,33998
57872,20220527,34096
58253,20220530,34306
58634,20220531,34379
59015,20220602,34335
59396,20220603,34487
59777,20220607,34057
60158,20220608,33876
60539,20220609,33686
60920,20220610,33466
61301,20220613,32665
61682,20220614,31855
62063,20220615,31899
62444,20220616,32050
62825,20220617,31098
63206,20220620,31015
63586,20220621,30795
63967,20220622,30874
64348,20220623,30175
64729,20220624,30156
65110,20220627,30522
65491,20220628,31059
65872,20220629,30839
66253,20220630,30375
66634,20220701,30380
67015,20220704,30004
67396,20220705,30097
67777,20220706,29980
68158,20220707,29965
68539,20220708,30507
68920,20220711,30502
69301,20220712,29931
69682,20220713,30063
70063,20220714,29985
70444,20220715,29814
70825,20220718,30625
71206,20220719,30639
71587,20220720,31220
71968,20220721,31035
72349,20220722,31352
72730,20220725,31333
73111,20220726,31142
73492,20220727,31323
73873,20220728,31577
74254,20220729,31827
74635,20220801,31631
75016,20220802,31558
75397,20220803,31553
75778,20220804,31841
76159,20220805,32086
76540,20220808,31934
76921,20220809,32027
77302,20220810,31841
77683,20220811,32208
78064,20220812,32399
78445,20220816,32473
78826,20220817,32629
79207,20220818,32032
79588,20220819,32047
79969,20220822,31567
80350,20220823,31469
80731,20220824,31391
81112,20220825,31499
81493,20220826,31861
81874,20220829,30941
82255,20220830,31132
82636,20220831,31005
83017,20220901,31029
83398,20220902,30858
83779,20220905,30858
84160,20220906,30809
84541,20220907,30329
84922,20220908,30378
85303,20220913,30965
85684,20220914,30300
86065,20220915,30574
86446,20220916,30197
86827,20220919,30192
87208,20220920,30334
87589,20220921,29972
87970,20220922,29414
88351,20220923,29409
88732,20220926,28705
89113,20220927,28431
89494,20220928,28235
89875,20220929,28210
90256,20220930,27790
90637,20221004,28240
91018,20221005,28636
91399,20221006,28685
91780,20221007,28436
92161,20221011,27799
92542,20221012,28010
92923,20221013,28044
93304,20221014,28201
93685,20221017,28020
94066,20221018,28749
94447,20221019,28803
94828,20221020,28387
95209,20221021,28357
95590,20221024,28807
95971,20221025,28778
96352,20221026,28705
96733,20221027,29189
97114,20221028,29218
97495,20221031,29257
97876,20221101,29601
98257,20221102,29714
98638,20221103,29213
99019,20221104,29650
99400,20221107,30210
99781,20221108,30431
100162,20221109,30780
100543,20221110,30863
100924,20221111,31629
101305,20221114,31899
101686,20221115,31688
102067,20221116,31531
102829,20221118,31384
103210,20221121,31010
103591,20221122,30942
103972,20221123,30937
104353,20221124,31123
104734,20221125,31104
105115,20221128,30662
105496,20221129,30686
105877,20221130,30937
106258,20221201,31934
106639,20221202,31339
107020,20221205,31001
107401,20221206,30657
107782,20221207,30416
108163,20221208,30293
108544,20221209,30490
108925,20221212,30529
109305,20221213,30539
109686,20221214,30740
110067,20221215,30613
110448,20221216,29984
110829,20221219,30131
111210,20221220,29959
111591,20221221,29945
111972,20221222,29930
112353,20221223,29827
112734,20221226,29699
113115,20221227,29896
113496,20221228,29719
113877,20221229,29424
114579,20230103,28668
114960,20230104,28923
115341,20230105,29856
115722,20230106,29709
116103,20230109,30529
116484,20230110,30838
116865,20230111,30961
117246,20230112,30996
117627,20230113,31212
118008,20230116,31354
118389,20230117,31516
118770,20230118,31084
119151,20230119,31050
119532,20230120,31344
119913,20230125,32007
120294,20230126,31997
120675,20230127,32459
121056,20230130,32636
121437,20230131,32104
121818,20230201,31809
122199,20230202,32414
122580,20230203,32222
122961,20230206,31981
123342,20230207,31809
123723,20230208,32198
124104,20230209,32178
124485,20230210,32267
124866,20230213,32070
125247,20230214,32404
125628,20230215,32011
126009,20230216,31947
126390,20230217,32070
126771,20230220,31725
127152,20230221,31937
127533,20230222,31582
127914,20230223,31745
128295,20230224,31942
128676,20230227,31164
129057,20230228,31518
129438,20230302,31681
129819,20230303,31646
130200,20230306,31720
130581,20230307,31966
130962,20230308,31440
131343,20230309,31538
131724,20230310,30938
132105,20230313,30938
132486,20230314,30726
132867,20230315,30834
133248,20230316,30426
133629,20230317,31036
134010,20230320,31105
134391,20230321,30982
134772,20230322,31184
135153,20230323,31144
135534,20230324,31400
135915,20230327,31135
136296,20230328,31346
136677,20230329,31499
137058,20230330,31710
137439,20230331,31947
137820,20230403,32050
138201,20230404,32212
138582,20230405,32286
138963,20230406,32035
139344,20230407,32099
139725,20230410,32532
140106,20230411,32759
140487,20230412,33118
140868,20230413,33029
141249,20230414,33379
141630,20230417,33246
142011,20230418,33256
142392,20230419,33315
142773,20230420,33241
143154,20230421,33044
143535,20230424,32892
143916,20230425,32862
144297,20230426,32399
144678,20230427,32115
145059,20230428,32614
145440,20230502,32839
145821,20230503,32704
146202,20230504,32554
146583,20230508,32904
146963,20230509,32764
147344,20230510,32694
147725,20230511,32709
148106,20230512,32345
148487,20230515,32245
148868,20230516,32704
149249,20230517,32534
149630,20230518,32909
150011,20230519,33213
150392,20230522,33582
150773,20230523,33737
151154,20230524,33602
151535,20230525,33692
151916,20230526,33617
152297,20230530,33981
152678,20230531,34166
153059,20230601,33862
153440,20230602,34051
153821,20230605,34360
154202,20230607,34465
154583,20230608,34116
154964,20230609,34355
155345,20230612,34680
155726,20230613,34645
156107,20230614,34550
156488,20230615,34615
156869,20230616,34370
157250,20230619,34286
157631,20230620,34131
158012,20230621,34076
158393,20230622,33976
158774,20230623,34066
159155,20230626,33817
159536,20230627,33842
159917,20230628,33931
160298,20230629,34011
160679,20230630,33592
161060,20230703,34206
161441,20230704,34420
161822,20230705,34171
162203,20230706,33742
162584,20230707,33298
162965,20230710,33273
163346,20230711,33547
163727,20230712,33767
164108,20230713,34291
164489,20230714,34435
164870,20230717,34650
165251,20230718,34590
165632,20230719,34495
166013,20230720,34241
166394,20230721,33852
166775,20230724,34236
167156,20230725,34510
167537,20230726,34445
167918,20230727,34236
168299,20230728,34390
168680,20230731,34705
169061,20230801,34935
169442,20230802,34965
169823,20230803,34315
170204,20230804,34265
170585,20230807,34260
170966,20230808,34090
171347,20230809,34100
171728,20230810,34050
172109,20230811,34355
172490,20230814,33905
172871,20230816,33430
173252,20230817,32770
173633,20230818,32865
174014,20230821,33040
174395,20230822,33155
174776,20230823,33030
175157,20230824,33405
175538,20230825,33045
175919,20230828,33175
176300,20230829,33480
176681,20230830,33765
177062,20230831,33655
177443,20230901,33645
177824,20230904,34005
178205,20230905,34130
178586,20230906,34030
178967,20230907,33800
179348,20230908,33725
179728,20230911,33680
180109,20230912,33865
180489,20230913,33780
180870,20230914,33835
181251,20230915,34225
181632,20230918,34355
182013,20230919,34165
182394,20230920,33975
182775,20230921,33725
183156,20230922,33010
183537,20230925,33175
183918,20230926,32995
184299,20230927,32760
184680,20231004,32220
185061,20231005,32125
185442,20231006,32175
185823,20231010,32625
186204,20231011,32685
186585,20231012,32925
186966,20231013,32825
187347,20231016,32640
187728,20231017,32800
188109,20231018,32895
188490,20231019,32560
188871,20231020,31955
189252,20231023,31865
189633,20231024,31770
190014,20231025,32005
190395,20231026,31360
