,date,open
22,20211018,37478
403,20211019,37958
784,20211020,38087
1165,20211021,37910
1546,20211022,37809
1927,20211025,37550
2308,20211026,38111
2689,20211027,38102
3070,20211028,38078
3451,20211029,37972
3832,20211101,37501
4213,20211102,38058
4594,20211103,37737
4975,20211104,37914
5356,20211105,37578
5737,20211108,37237
6118,20211109,37583
6499,20211110,37376
6880,20211111,36852
7261,20211112,37419
7642,20211115,37737
8023,20211116,37833
8404,20211117,37684
9166,20211119,37419
9547,20211122,38020
9928,20211123,38169
10309,20211124,38164
10690,20211125,37804
11071,20211126,37487
11452,20211129,36881
11833,20211130,36972
12214,20211201,36136
12595,20211202,36953
12976,20211203,37237
13357,20211206,37261
13738,20211207,37592
14119,20211208,38409
14500,20211209,38284
14881,20211210,38217
15262,20211213,38539
15643,20211214,38058
16024,20211215,37823
16405,20211216,38212
16786,20211217,38126
17167,20211220,37967
17548,20211221,37794
17929,20211222,38097
18310,20211223,38116
18691,20211224,38625
19072,20211227,38549
19453,20211228,38212
19834,20211229,38746
20215,20211230,38510
20917,20220104,38328
21298,20220105,38063
21679,20220106,37751
22060,20220107,37818
22441,20220110,37530
22822,20220111,37765
23203,20220112,38203
23584,20220113,38371
23965,20220114,37890
24346,20220117,37501
24727,20220118,37294
25108,20220119,36905
25489,20220120,36799
25870,20220121,36559
26251,20220124,36405
26632,20220125,35704
27013,20220126,35401
27394,20220127,34920
27775,20220128,34092
28156,20220203,35426
28537,20220204,35633
28918,20220207,35089
29299,20220208,35637
29680,20220209,35811
30061,20220210,36191
30442,20220211,35753
30823,20220214,35382
31204,20220215,35267
31585,20220216,35589
31966,20220217,35888
32347,20220218,35671
32728,20220221,35247
33109,20220222,35247
33490,20220223,35584
33871,20220224,35012
34252,20220225,34992
34633,20220228,34732
35014,20220302,35146
35395,20220303,35570
35776,20220304,35334
36157,20220307,34501
36538,20220308,34107
36919,20220310,34699
37300,20220311,34636
37681,20220314,34675
38062,20220315,34362
38443,20220316,34381
38824,20220317,35406
39205,20220318,35185
39586,20220321,35146
39967,20220322,35084
40348,20220323,35647
40729,20220324,35300
41110,20220325,35286
41491,20220328,35036
41872,20220329,35402
42253,20220330,35734
42634,20220331,35714
43015,20220401,35310
43396,20220404,35339
43777,20220405,35498
44158,20220406,35358
44539,20220407,34891
44920,20220408,34819
45301,20220411,34689
45682,20220412,34501
46063,20220413,34492
46444,20220414,34867
46825,20220415,34415
47206,20220418,34448
47587,20220419,34896
47968,20220420,34675
48349,20220421,35079
48730,20220422,34578
49111,20220425,34256
49492,20220426,34275
49873,20220427,33611
50254,20220428,33789
50635,20220429,34560
51016,20220502,34389
51397,20220503,34482
51778,20220504,34667
52159,20220506,34062
52540,20220509,34018
52921,20220510,33110
53302,20220511,33500
53683,20220512,33159
54064,20220513,33344
54445,20220516,33886
54826,20220517,33930
55207,20220518,34267
55588,20220519,33422
55969,20220520,33886
56350,20220523,34316
56731,20220524,34101
57112,20220525,33681
57493,20220526,34028
57874,20220527,34086
58255,20220530,34340
58636,20220531,34340
59017,20220602,34326
59398,20220603,34492
59779,20220607,34047
60160,20220608,33803
60541,20220609,33696
60922,20220610,33520
61303,20220613,32714
61684,20220614,31884
62065,20220615,31840
62446,20220616,32070
62827,20220617,31093
63208,20220620,30893
63588,20220621,30844
63969,20220622,30878
64350,20220623,30190
64731,20220624,30200
65112,20220627,30561
65493,20220628,31035
65874,20220629,30830
66255,20220630,30390
66636,20220701,30322
67017,20220704,29970
67398,20220705,30141
67779,20220706,30000
68160,20220707,30009
68541,20220708,30512
68922,20220711,30556
69303,20220712,29946
69684,20220713,30053
70065,20220714,29956
70446,20220715,29765
70827,20220718,30644
71208,20220719,30625
71589,20220720,31220
71970,20220721,31064
72351,20220722,31386
72732,20220725,31333
73113,20220726,31132
73494,20220727,31289
73875,20220728,31572
74256,20220729,31832
74637,20220801,31621
75018,20220802,31538
75399,20220803,31538
75780,20220804,31856
76161,20220805,32096
76542,20220808,31949
76923,20220809,32013
77304,20220810,31856
77685,20220811,32213
78066,20220812,32370
78447,20220816,32473
78828,20220817,32639
79209,20220818,32037
79590,20220819,32062
79971,20220822,31567
80352,20220823,31469
80733,20220824,31391
81114,20220825,31494
81495,20220826,31876
81876,20220829,30965
82257,20220830,31127
82638,20220831,31009
83019,20220901,31049
83400,20220902,30853
83781,20220905,30853
84162,20220906,30833
84543,20220907,30280
84924,20220908,30388
85305,20220913,30970
85686,20220914,30310
86067,20220915,30574
86448,20220916,30222
86829,20220919,30187
87210,20220920,30334
87591,20220921,29972
87972,20220922,29424
88353,20220923,29404
88734,20220926,28685
89115,20220927,28387
89496,20220928,28240
89877,20220929,28215
90258,20220930,27760
90639,20221004,28235
91020,20221005,28607
91401,20221006,28680
91782,20221007,28445
92163,20221011,27824
92544,20221012,28015
92925,20221013,28078
93306,20221014,28225
93687,20221017,28049
94068,20221018,28724
94449,20221019,28788
94830,20221020,28333
95211,20221021,28367
95592,20221024,28803
95973,20221025,28803
96354,20221026,28714
96735,20221027,29223
97116,20221028,29198
97497,20221031,29218
97878,20221101,29601
98259,20221102,29743
98640,20221103,29233
99021,20221104,29635
99402,20221107,30230
99783,20221108,30455
100164,20221109,30794
100545,20221110,30873
100926,20221111,31683
101307,20221114,31919
101688,20221115,31668
102069,20221116,31467
102831,20221118,31418
103212,20221121,31030
103593,20221122,30966
103974,20221123,30932
104355,20221124,31113
104736,20221125,31118
105117,20221128,30676
105498,20221129,30662
105879,20221130,30991
106260,20221201,32017
106641,20221202,31334
107022,20221205,31118
107403,20221206,30711
107784,20221207,30470
108165,20221208,30318
108546,20221209,30514
108927,20221212,30495
109307,20221213,30534
109688,20221214,30780
110069,20221215,30622
110450,20221216,29989
110831,20221219,30117
111212,20221220,29925
111593,20221221,29935
111974,20221222,29940
112355,20221223,29827
112736,20221226,29689
113117,20221227,29896
113498,20221228,29704
113879,20221229,29449
114581,20230103,28629
114962,20230104,28963
115343,20230105,29837
115724,20230106,29734
116105,20230109,30524
116486,20230110,30838
116867,20230111,30976
117248,20230112,30932
117629,20230113,31221
118010,20230116,31334
118391,20230117,31438
118772,20230118,31153
119153,20230119,31074
119534,20230120,31325
119915,20230125,32022
120296,20230126,32017
120677,20230127,32469
121058,20230130,32675
121439,20230131,32055
121820,20230201,31824
122201,20230202,32454
122582,20230203,32262
122963,20230206,31971
123344,20230207,31794
123725,20230208,32198
124106,20230209,32163
124487,20230210,32203
124868,20230213,32119
125249,20230214,32399
125630,20230215,32001
126011,20230216,31971
126392,20230217,32040
126773,20230220,31745
127154,20230221,31956
127535,20230222,31627
127916,20230223,31730
128297,20230224,31937
128678,20230227,31139
129059,20230228,31484
129440,20230302,31725
129821,20230303,31661
130202,20230306,31750
130583,20230307,31952
130964,20230308,31450
131345,20230309,31518
131726,20230310,30933
132107,20230313,30957
132488,20230314,30726
132869,20230315,30770
133250,20230316,30441
133631,20230317,30962
134012,20230320,31105
134393,20230321,31002
134774,20230322,31189
135155,20230323,31120
135536,20230324,31440
135917,20230327,31139
136298,20230328,31356
136679,20230329,31484
137060,20230330,31710
137441,20230331,31956
137822,20230403,32089
138203,20230404,32242
138584,20230405,32262
138965,20230406,32050
139346,20230407,32094
139727,20230410,32473
140108,20230411,32729
140489,20230412,33074
140870,20230413,33044
141251,20230414,33364
141632,20230417,33300
142013,20230418,33251
142394,20230419,33320
142775,20230420,33231
143156,20230421,33024
143537,20230424,32926
143918,20230425,32882
144299,20230426,32424
144680,20230427,32125
145061,20230428,32589
145442,20230502,32849
145823,20230503,32674
146204,20230504,32569
146585,20230508,32909
146965,20230509,32759
147346,20230510,32699
147727,20230511,32719
148108,20230512,32350
148489,20230515,32260
148870,20230516,32674
149251,20230517,32539
149632,20230518,32889
150013,20230519,33218
150394,20230522,33597
150775,20230523,33732
151156,20230524,33627
151537,20230525,33677
151918,20230526,33642
152299,20230530,33961
152680,20230531,34151
153061,20230601,33891
153442,20230602,34056
153823,20230605,34355
154204,20230607,34490
154585,20230608,34106
154966,20230609,34355
155347,20230612,34660
155728,20230613,34625
156109,20230614,34590
156490,20230615,34600
156871,20230616,34370
157252,20230619,34296
157633,20230620,34111
158014,20230621,34096
158395,20230622,33971
158776,20230623,34046
159157,20230626,33812
159538,20230627,33871
159919,20230628,33926
160300,20230629,34016
160681,20230630,33572
161062,20230703,34216
161443,20230704,34405
161824,20230705,34161
162205,20230706,33742
162586,20230707,33258
162967,20230710,33248
163348,20230711,33527
163729,20230712,33747
164110,20230713,34301
164491,20230714,34420
164872,20230717,34645
165253,20230718,34585
165634,20230719,34500
166015,20230720,34256
166396,20230721,33852
166777,20230724,34251
167158,20230725,34505
167539,20230726,34425
167920,20230727,34281
168301,20230728,34405
168682,20230731,34715
169063,20230801,34980
169444,20230802,34960
169825,20230803,34415
170206,20230804,34235
170587,20230807,34270
170968,20230808,34105
171349,20230809,34145
171730,20230810,34070
172111,20230811,34330
172492,20230814,33920
172873,20230816,33400
173254,20230817,32730
173635,20230818,32855
174016,20230821,33060
174397,20230822,33120
174778,20230823,33025
175159,20230824,33395
175540,20230825,33035
175921,20230828,33215
176302,20230829,33465
176683,20230830,33790
177064,20230831,33635
177445,20230901,33695
177826,20230904,34030
178207,20230905,34145
178588,20230906,34085
178969,20230907,33815
179350,20230908,33690
179730,20230911,33690
180111,20230912,33850
180491,20230913,33765
180872,20230914,33825
181253,20230915,34245
181634,20230918,34375
182015,20230919,34215
182396,20230920,33995
182777,20230921,33750
183158,20230922,33040
183539,20230925,33240
183920,20230926,32980
184301,20230927,32755
184682,20231004,32195
185063,20231005,32070
185444,20231006,32205
185825,20231010,32635
186206,20231011,32685
186587,20231012,32960
186968,20231013,32805
187349,20231016,32650
187730,20231017,32785
188111,20231018,32910
188492,20231019,32540
188873,20231020,31960
189254,20231023,31890
189635,20231024,31815
190016,20231025,32050
190397,20231026,31375
