,date,open
26,20211018,37464
407,20211019,37915
788,20211020,38145
1169,20211021,37905
1550,20211022,37732
1931,20211025,37665
2312,20211026,38150
2693,20211027,38102
3074,20211028,38078
3455,20211029,37924
3836,20211101,37578
4217,20211102,38073
4598,20211103,37746
4979,20211104,37958
5360,20211105,37631
5741,20211108,37218
6122,20211109,37544
6503,20211110,37333
6884,20211111,36881
7265,20211112,37376
7646,20211115,37828
8027,20211116,37799
8408,20211117,37669
9170,20211119,37347
9551,20211122,38034
9932,20211123,38155
10313,20211124,38121
10694,20211125,37785
11075,20211126,37472
11456,20211129,36819
11837,20211130,37040
12218,20211201,36208
12599,20211202,36939
12980,20211203,37251
13361,20211206,37270
13742,20211207,37655
14123,20211208,38438
14504,20211209,38280
14885,20211210,38155
15266,20211213,38529
15647,20211214,37972
16028,20211215,37857
16409,20211216,38193
16790,20211217,38126
17171,20211220,37962
17552,20211221,37789
17933,20211222,38140
18314,20211223,38097
18695,20211224,38601
19076,20211227,38558
19457,20211228,38255
19838,20211229,38736
20219,20211230,38486
20921,20220104,38332
21302,20220105,38001
21683,20220106,37708
22064,20220107,37861
22445,20220110,37520
22826,20220111,37765
23207,20220112,38217
23588,20220113,38361
23969,20220114,37833
24350,20220117,37467
24731,20220118,37237
25112,20220119,36910
25493,20220120,36833
25874,20220121,36631
26255,20220124,36377
26636,20220125,35723
27017,20220126,35516
27398,20220127,35036
27779,20220128,34092
28160,20220203,35435
28541,20220204,35637
28922,20220207,35122
29303,20220208,35536
29684,20220209,35753
30065,20220210,36249
30446,20220211,35710
30827,20220214,35416
31208,20220215,35300
31589,20220216,35575
31970,20220217,35921
32351,20220218,35623
32732,20220221,35228
33113,20220222,35272
33494,20220223,35560
33875,20220224,35041
34256,20220225,35060
34637,20220228,34723
35018,20220302,35199
35399,20220303,35580
35780,20220304,35281
36161,20220307,34434
36542,20220308,34155
36923,20220310,34761
37304,20220311,34627
37685,20220314,34622
38066,20220315,34367
38447,20220316,34400
38828,20220317,35450
39209,20220318,35238
39590,20220321,35146
39971,20220322,35093
40352,20220323,35661
40733,20220324,35252
41114,20220325,35291
41495,20220328,35065
41876,20220329,35416
42257,20220330,35710
42638,20220331,35729
43019,20220401,35305
43400,20220404,35402
43781,20220405,35522
44162,20220406,35353
44543,20220407,34925
44924,20220408,34809
45305,20220411,34752
45686,20220412,34550
46067,20220413,34526
46448,20220414,34891
46829,20220415,34453
47210,20220418,34477
47591,20220419,34896
47972,20220420,34713
48353,20220421,35060
48734,20220422,34559
49115,20220425,34227
49496,20220426,34246
49877,20220427,33625
50258,20220428,33798
50639,20220429,34580
51020,20220502,34394
51401,20220503,34526
51782,20220504,34667
52163,20220506,34047
52544,20220509,33979
52925,20220510,33129
53306,20220511,33505
53687,20220512,33164
54068,20220513,33383
54449,20220516,33886
54830,20220517,33906
55211,20220518,34291
55592,20220519,33417
55973,20220520,33857
56354,20220523,34350
56735,20220524,34125
57116,20220525,33662
57497,20220526,34003
57878,20220527,34062
58259,20220530,34365
58640,20220531,34360
59021,20220602,34355
59402,20220603,34526
59783,20220607,34062
60164,20220608,33823
60545,20220609,33691
60926,20220610,33447
61307,20220613,32670
61688,20220614,31948
62069,20220615,31840
62450,20220616,32089
62831,20220617,31103
63212,20220620,30957
63592,20220621,30932
63973,20220622,30830
64354,20220623,30161
64735,20220624,30195
65116,20220627,30673
65497,20220628,31020
65878,20220629,30820
66259,20220630,30434
66640,20220701,30268
67021,20220704,29926
67402,20220705,30156
67783,20220706,29912
68164,20220707,30053
68545,20220708,30512
68926,20220711,30517
69307,20220712,29965
69688,20220713,30029
70069,20220714,29921
70450,20220715,29741
70831,20220718,30605
71212,20220719,30678
71593,20220720,31274
71974,20220721,31103
72355,20220722,31411
72736,20220725,31313
73117,20220726,31162
73498,20220727,31284
73879,20220728,31582
74260,20220729,31871
74641,20220801,31680
75022,20220802,31562
75403,20220803,31538
75784,20220804,31905
76165,20220805,32115
76546,20220808,31915
76927,20220809,31973
77308,20220810,31861
77689,20220811,32218
78070,20220812,32350
78451,20220816,32473
78832,20220817,32615
79213,20220818,31998
79594,20220819,32076
79975,20220822,31567
80356,20220823,31479
80737,20220824,31386
81118,20220825,31484
81499,20220826,31915
81880,20220829,30990
82261,20220830,31132
82642,20220831,31024
83023,20220901,31049
83404,20220902,30897
83785,20220905,30784
84166,20220906,30843
84547,20220907,30261
84928,20220908,30339
85309,20220913,30961
85690,20220914,30300
86071,20220915,30574
86452,20220916,30261
86833,20220919,30202
87214,20220920,30339
87595,20220921,29923
87976,20220922,29434
88357,20220923,29380
88738,20220926,28661
89119,20220927,28352
89500,20220928,28259
89881,20220929,28220
90262,20220930,27716
90643,20221004,28274
91024,20221005,28577
91405,20221006,28685
91786,20221007,28465
92167,20221011,27799
92548,20221012,28049
92929,20221013,28083
93310,20221014,28259
93691,20221017,28078
94072,20221018,28744
94453,20221019,28837
94834,20221020,28333
95215,20221021,28338
95596,20221024,28788
95977,20221025,28817
96358,20221026,28685
96739,20221027,29219
97120,20221028,29193
97501,20221031,29228
97882,20221101,29640
98263,20221102,29714
98644,20221103,29247
99025,20221104,29581
99406,20221107,30171
99787,20221108,30431
100168,20221109,30848
100549,20221110,30873
100930,20221111,31614
101311,20221114,31894
101692,20221115,31663
102073,20221116,31462
102835,20221118,31408
103216,20221121,31030
103597,20221122,30971
103978,20221123,30946
104359,20221124,31084
104740,20221125,31099
105121,20221128,30647
105502,20221129,30691
105883,20221130,31005
106264,20221201,32022
106645,20221202,31339
107026,20221205,31089
107407,20221206,30750
107788,20221207,30480
108169,20221208,30338
108550,20221209,30475
108931,20221212,30451
109311,20221213,30524
109692,20221214,30696
110073,20221215,30598
110454,20221216,30013
110835,20221219,30122
111216,20221220,29935
111597,20221221,29920
111978,20221222,29969
112359,20221223,29866
112740,20221226,29660
113121,20221227,29896
113502,20221228,29743
113883,20221229,29454
114585,20230103,28599
114966,20230104,29056
115347,20230105,29748
115728,20230106,29670
116109,20230109,30603
116490,20230110,30824
116871,20230111,30956
117252,20230112,30961
117633,20230113,31330
118014,20230116,31379
118395,20230117,31423
118776,20230118,31163
119157,20230119,31050
119538,20230120,31330
119919,20230125,32032
120300,20230126,31988
120681,20230127,32538
121062,20230130,32621
121443,20230131,32075
121824,20230201,31853
122205,20230202,32439
122586,20230203,32281
122967,20230206,31961
123348,20230207,31784
123729,20230208,32222
124110,20230209,32212
124491,20230210,32198
124872,20230213,32070
125253,20230214,32375
125634,20230215,32006
126015,20230216,32001
126396,20230217,32094
126777,20230220,31755
127158,20230221,32016
127539,20230222,31602
127920,20230223,31705
128301,20230224,31897
128682,20230227,31164
129063,20230228,31538
129444,20230302,31750
129825,20230303,31617
130206,20230306,31779
130587,20230307,31971
130968,20230308,31445
131349,20230309,31514
131730,20230310,30948
132111,20230313,30923
132492,20230314,30692
132873,20230315,30765
133254,20230316,30396
133635,20230317,30957
134016,20230320,31174
134397,20230321,31051
134778,20230322,31169
135159,20230323,31144
135540,20230324,31410
135921,20230327,31105
136302,20230328,31376
136683,20230329,31523
137064,20230330,31686
137445,20230331,31947
137826,20230403,32094
138207,20230404,32247
138588,20230405,32301
138969,20230406,32060
139350,20230407,32119
139731,20230410,32414
140112,20230411,32705
140493,20230412,33098
140874,20230413,33064
141255,20230414,33325
141636,20230417,33271
142017,20230418,33261
142398,20230419,33330
142779,20230420,33241
143160,20230421,33015
143541,20230424,32951
143922,20230425,32842
144303,20230426,32449
144684,20230427,32115
145065,20230428,32614
145446,20230502,32824
145827,20230503,32709
146208,20230504,32539
146589,20230508,32889
146969,20230509,32749
147350,20230510,32704
147731,20230511,32739
148112,20230512,32305
148493,20230515,32280
148874,20230516,32694
149255,20230517,32554
149636,20230518,32869
150017,20230519,33223
150398,20230522,33612
150779,20230523,33722
151160,20230524,33657
151541,20230525,33672
151922,20230526,33627
152303,20230530,33986
152684,20230531,34136
153065,20230601,33926
153446,20230602,34051
153827,20230605,34350
154208,20230607,34485
154589,20230608,34111
154970,20230609,34410
155351,20230612,34645
155732,20230613,34585
156113,20230614,34565
156494,20230615,34590
156875,20230616,34355
157256,20230619,34291
157637,20230620,34106
158018,20230621,34091
158399,20230622,33971
158780,20230623,34031
159161,20230626,33857
159542,20230627,33891
159923,20230628,33926
160304,20230629,33986
160685,20230630,33597
161066,20230703,34226
161447,20230704,34365
161828,20230705,34156
162209,20230706,33722
162590,20230707,33338
162971,20230710,33208
163352,20230711,33522
163733,20230712,33732
164114,20230713,34301
164495,20230714,34430
164876,20230717,34665
165257,20230718,34580
165638,20230719,34540
166019,20230720,34256
166400,20230721,33832
166781,20230724,34306
167162,20230725,34510
167543,20230726,34355
167924,20230727,34281
168305,20230728,34400
168686,20230731,34740
169067,20230801,34990
169448,20230802,34970
169829,20230803,34460
170210,20230804,34200
170591,20230807,34250
170972,20230808,34155
171353,20230809,34125
171734,20230810,34090
172115,20230811,34310
172496,20230814,33940
172877,20230816,33395
173258,20230817,32745
173639,20230818,32870
174020,20230821,33085
174401,20230822,33115
174782,20230823,33005
175163,20230824,33380
175544,20230825,33055
175925,20230828,33225
176306,20230829,33465
176687,20230830,33780
177068,20230831,33615
177449,20230901,33720
177830,20230904,33970
178211,20230905,34100
178592,20230906,34085
178973,20230907,33760
179354,20230908,33660
179734,20230911,33715
180115,20230912,33860
180495,20230913,33765
180876,20230914,33830
181257,20230915,34270
181638,20230918,34340
182019,20230919,34215
182400,20230920,33980
182781,20230921,33715
183162,20230922,32985
183543,20230925,33265
183924,20230926,32950
184305,20230927,32705
184686,20231004,32170
185067,20231005,32075
185448,20231006,32150
185829,20231010,32650
186210,20231011,32665
186591,20231012,32950
186972,20231013,32760
187353,20231016,32625
187734,20231017,32780
188115,20231018,32910
188496,20231019,32510
188877,20231020,31980
189258,20231023,31855
189639,20231024,31825
190020,20231025,32085
190401,20231026,31345
