,date,open
11,20211018,37502
392,20211019,37948
773,20211020,38092
1154,20211021,37934
1535,20211022,37651
1916,20211025,37526
2297,20211026,38140
2678,20211027,38217
3059,20211028,38030
3440,20211029,38001
3821,20211101,37491
4202,20211102,37924
4583,20211103,37789
4964,20211104,37924
5345,20211105,37588
5726,20211108,37256
6107,20211109,37780
6488,20211110,37342
6869,20211111,36900
7250,20211112,37309
7631,20211115,37722
8012,20211116,37847
8393,20211117,37799
9155,20211119,37568
9536,20211122,38049
9917,20211123,38236
10298,20211124,38294
10679,20211125,37833
11060,20211126,37631
11441,20211129,36848
11822,20211130,37030
12203,20211201,36256
12584,20211202,36694
12965,20211203,37208
13346,20211206,37443
13727,20211207,37679
14108,20211208,38606
14489,20211209,38255
14870,20211210,38155
15251,20211213,38510
15632,20211214,37958
16013,20211215,37828
16394,20211216,38337
16775,20211217,38082
17156,20211220,37919
17537,20211221,37900
17918,20211222,38251
18299,20211223,38174
18680,20211224,38654
19061,20211227,38472
19442,20211228,38280
19823,20211229,38731
20204,20211230,38553
20906,20220104,38318
21287,20220105,38255
21668,20220106,37712
22049,20220107,37717
22430,20220110,37607
22811,20220111,37847
23192,20220112,38150
23573,20220113,38366
23954,20220114,37804
24335,20220117,37583
24716,20220118,37275
25097,20220119,36809
25478,20220120,36713
25859,20220121,36593
26240,20220124,36516
26621,20220125,35795
27002,20220126,35521
27383,20220127,35214
27764,20220128,34232
28145,20220203,35469
28526,20220204,35536
28907,20220207,35247
29288,20220208,35714
29669,20220209,35763
30050,20220210,36138
30431,20220211,35873
30812,20220214,35580
31193,20220215,35358
31574,20220216,35604
31955,20220217,35849
32336,20220218,35681
32717,20220221,35185
33098,20220222,35310
33479,20220223,35531
33860,20220224,35108
34241,20220225,34882
34622,20220228,34795
35003,20220302,35219
35384,20220303,35536
35765,20220304,35411
36146,20220307,34545
36527,20220308,33977
36908,20220310,34641
37289,20220311,34622
37670,20220314,34540
38051,20220315,34381
38432,20220316,34468
38813,20220317,35397
39194,20220318,35195
39575,20220321,35180
39956,20220322,35012
40337,20220323,35613
40718,20220324,35305
41099,20220325,35315
41480,20220328,34978
41861,20220329,35531
42242,20220330,35787
42623,20220331,35633
43004,20220401,35329
43385,20220404,35243
43766,20220405,35608
44147,20220406,35272
44528,20220407,34935
44909,20220408,34809
45290,20220411,34550
45671,20220412,34607
46052,20220413,34569
46433,20220414,34973
46814,20220415,34458
47195,20220418,34405
47576,20220419,34858
47957,20220420,34680
48338,20220421,35118
48719,20220422,34578
49100,20220425,34246
49481,20220426,34217
49862,20220427,33597
50243,20220428,33881
50624,20220429,34374
51005,20220502,34448
51386,20220503,34589
51767,20220504,34682
52148,20220506,34042
52529,20220509,34052
52910,20220510,33354
53291,20220511,33452
53672,20220512,33188
54053,20220513,33320
54434,20220516,33989
54815,20220517,33837
55196,20220518,34296
55577,20220519,33456
55958,20220520,33813
56339,20220523,34223
56720,20220524,34164
57101,20220525,33720
57482,20220526,33969
57863,20220527,34086
58244,20220530,34311
58625,20220531,34433
59006,20220602,34291
59387,20220603,34501
59768,20220607,34057
60149,20220608,33896
60530,20220609,33725
60911,20220610,33452
61292,20220613,32744
61673,20220614,31957
62054,20220615,31972
62435,20220616,31997
62816,20220617,30996
63197,20220620,31005
63577,20220621,30825
63958,20220622,30888
64339,20220623,30283
64720,20220624,30141
65101,20220627,30629
65482,20220628,31040
65863,20220629,30844
66244,20220630,30375
66625,20220701,30332
67006,20220704,29907
67387,20220705,30063
67768,20220706,29941
68149,20220707,29956
68530,20220708,30478
68911,20220711,30395
69292,20220712,30000
69673,20220713,30097
70054,20220714,29960
70435,20220715,29965
70816,20220718,30566
71197,20220719,30590
71578,20220720,31230
71959,20220721,31059
72340,20220722,31245
72721,20220725,31289
73102,20220726,31093
73483,20220727,31259
73864,20220728,31670
74245,20220729,31836
74626,20220801,31577
75007,20220802,31538
75388,20220803,31499
75769,20220804,31836
76150,20220805,32062
76531,20220808,31900
76912,20220809,32027
77293,20220810,31876
77674,20220811,32189
78055,20220812,32389
78436,20220816,32502
78817,20220817,32600
79198,20220818,32032
79579,20220819,32037
79960,20220822,31567
80341,20220823,31391
80722,20220824,31367
81103,20220825,31494
81484,20220826,31885
81865,20220829,30985
82246,20220830,31200
82627,20220831,31029
83008,20220901,31078
83389,20220902,30921
83770,20220905,30838
84151,20220906,30780
84532,20220907,30388
84913,20220908,30329
85294,20220913,30872
85675,20220914,30324
86056,20220915,30618
86437,20220916,30173
86818,20220919,30217
87199,20220920,30285
87580,20220921,29962
87961,20220922,29453
88342,20220923,29409
88723,20220926,28749
89104,20220927,28426
89485,20220928,28250
89866,20220929,28186
90247,20220930,27775
90628,20221004,28113
91009,20221005,28680
91390,20221006,28577
91771,20221007,28367
92152,20221011,27799
92533,20221012,27932
92914,20221013,28044
93295,20221014,28215
93676,20221017,28127
94057,20221018,28768
94438,20221019,28812
94819,20221020,28396
95200,20221021,28323
95581,20221024,28856
95962,20221025,28685
96343,20221026,28685
96724,20221027,29086
97105,20221028,29208
97486,20221031,29277
97867,20221101,29498
98248,20221102,29699
98629,20221103,29287
99010,20221104,29621
99391,20221107,30161
99772,20221108,30446
100153,20221109,30745
100534,20221110,30794
100915,20221111,31703
101296,20221114,31865
101677,20221115,31693
102058,20221116,31619
102820,20221118,31315
103201,20221121,31084
103582,20221122,30892
103963,20221123,30922
104344,20221124,31133
104725,20221125,31113
105106,20221128,30622
105487,20221129,30696
105868,20221130,30907
106249,20221201,31889
106630,20221202,31344
107011,20221205,31040
107392,20221206,30627
107773,20221207,30411
108154,20221208,30328
108535,20221209,30451
108916,20221212,30505
109296,20221213,30573
109677,20221214,30701
110058,20221215,30588
110439,20221216,29969
110820,20221219,30058
111201,20221220,29984
111582,20221221,29979
111963,20221222,29940
112344,20221223,29871
112725,20221226,29660
113106,20221227,29955
113487,20221228,29709
113868,20221229,29459
114570,20230103,28658
114951,20230104,28732
115332,20230105,29738
115713,20230106,29827
116094,20230109,30455
116475,20230110,30809
116856,20230111,31040
117237,20230112,31025
117618,20230113,31153
117999,20230116,31398
118380,20230117,31472
118761,20230118,31123
119142,20230119,31001
119523,20230120,31428
119904,20230125,31894
120285,20230126,32007
120666,20230127,32508
121047,20230130,32650
121428,20230131,32020
121809,20230201,31912
122190,20230202,32463
122571,20230203,32242
122952,20230206,32065
123333,20230207,31814
123714,20230208,32222
124095,20230209,32217
124476,20230210,32153
124857,20230213,32030
125238,20230214,32414
125619,20230215,32114
126000,20230216,31952
126381,20230217,32001
126762,20230220,31829
127143,20230221,31902
127524,20230222,31577
127905,20230223,31705
128286,20230224,31937
128667,20230227,31154
129048,20230228,31543
129429,20230302,31641
129810,20230303,31548
130191,20230306,31750
130572,20230307,31932
130953,20230308,31474
131334,20230309,31538
131715,20230310,30962
132096,20230313,31085
132477,20230314,30741
132858,20230315,30815
133239,20230316,30455
133620,20230317,31056
134001,20230320,31016
134382,20230321,30987
134763,20230322,31179
135144,20230323,31115
135525,20230324,31376
135906,20230327,31208
136287,20230328,31336
136668,20230329,31592
137049,20230330,31666
137430,20230331,31937
137811,20230403,32045
138192,20230404,32119
138573,20230405,32276
138954,20230406,32084
139335,20230407,32080
139716,20230410,32552
140097,20230411,32764
140478,20230412,33148
140859,20230413,33064
141240,20230414,33423
141621,20230417,33275
142002,20230418,33285
142383,20230419,33413
142764,20230420,33162
143145,20230421,33133
143526,20230424,32951
143907,20230425,32887
144288,20230426,32414
144669,20230427,32215
145050,20230428,32574
145431,20230502,32834
145812,20230503,32704
146193,20230504,32489
146574,20230508,32869
146954,20230509,32764
147335,20230510,32689
147716,20230511,32739
148097,20230512,32360
148478,20230515,32270
148859,20230516,32709
149240,20230517,32504
149621,20230518,32894
150002,20230519,33233
150383,20230522,33452
150764,20230523,33687
151145,20230524,33607
151526,20230525,33712
151907,20230526,33682
152288,20230530,33996
152669,20230531,34136
153050,20230601,33906
153431,20230602,34051
153812,20230605,34370
154193,20230607,34430
154574,20230608,34151
154955,20230609,34321
155336,20230612,34720
155717,20230613,34645
156098,20230614,34525
156479,20230615,34585
156860,20230616,34345
157241,20230619,34321
157622,20230620,34156
158003,20230621,34056
158384,20230622,33871
158765,20230623,34091
159146,20230626,33777
159527,20230627,33857
159908,20230628,33971
160289,20230629,34026
160670,20230630,33602
161051,20230703,34146
161432,20230704,34395
161813,20230705,34251
162194,20230706,33727
162575,20230707,33437
162956,20230710,33278
163337,20230711,33502
163718,20230712,33807
164099,20230713,34266
164480,20230714,34410
164861,20230717,34595
165242,20230718,34655
165623,20230719,34480
166004,20230720,34196
166385,20230721,33896
166766,20230724,34151
167147,20230725,34535
167528,20230726,34565
167909,20230727,34271
168290,20230728,34340
168671,20230731,34720
169052,20230801,34890
169433,20230802,34915
169814,20230803,34405
170195,20230804,34255
170576,20230807,34205
170957,20230808,34180
171338,20230809,34065
171719,20230810,34030
172100,20230811,34285
172481,20230814,33930
172862,20230816,33355
173243,20230817,32890
173624,20230818,32765
174005,20230821,33005
174386,20230822,33190
174767,20230823,32940
175148,20230824,33410
175529,20230825,33045
175910,20230828,33190
176291,20230829,33385
176672,20230830,33785
177053,20230831,33670
177434,20230901,33645
177815,20230904,33995
178196,20230905,34125
178577,20230906,34045
178958,20230907,33800
179339,20230908,33690
179719,20230911,33670
180100,20230912,33885
180480,20230913,33815
180861,20230914,33780
181242,20230915,34305
181623,20230918,34485
182004,20230919,34195
182385,20230920,33945
182766,20230921,33740
183147,20230922,33050
183528,20230925,33210
183909,20230926,33130
184290,20230927,32765
184671,20231004,32195
185052,20231005,32185
185433,20231006,32145
185814,20231010,32530
186195,20231011,32715
186576,20231012,33010
186957,20231013,32820
187338,20231016,32725
187719,20231017,32800
188100,20231018,32920
188481,20231019,32545
188862,20231020,32060
189243,20231023,31950
189624,20231024,31845
190005,20231025,32040
190386,20231026,31375
