,date,open
0,20211018,37847
381,20211019,37953
762,20211020,38150
1143,20211021,37881
1524,20211022,37718
1905,20211025,37704
2286,20211026,38207
2667,20211027,38231
3048,20211028,38001
3429,20211029,38082
3810,20211101,37626
4191,20211102,37669
4572,20211103,38116
4953,20211104,37785
5334,20211105,37919
5715,20211108,37549
6096,20211109,37439
6477,20211110,37314
6858,20211111,36876
7239,20211112,37371
7620,20211115,37770
8001,20211116,37934
8382,20211117,37953
9144,20211119,37352
9525,20211122,37727
9906,20211123,38332
10287,20211124,38169
10668,20211125,38006
11049,20211126,37530
11430,20211129,36631
11811,20211130,37040
12192,20211201,36083
12573,20211202,36598
12954,20211203,37294
13335,20211206,37578
13716,20211207,37813
14097,20211208,38419
14478,20211209,38207
14859,20211210,38236
15240,20211213,38347
15621,20211214,37962
16002,20211215,37804
16383,20211216,38289
16764,20211217,37972
17145,20211220,38107
17526,20211221,37789
17907,20211222,38097
18288,20211223,38289
18669,20211224,38419
19050,20211227,38568
19431,20211228,38481
19812,20211229,38640
20193,20211230,38582
20895,20220104,38510
21276,20220105,38299
21657,20220106,37578
22038,20220107,37698
22419,20220110,37885
22800,20220111,37698
23181,20220112,38006
23562,20220113,38419
23943,20220114,37871
24324,20220117,37583
24705,20220118,37424
25086,20220119,36766
25467,20220120,36756
25848,20220121,36617
26229,20220124,36444
26610,20220125,36045
26991,20220126,35377
27372,20220127,35233
27753,20220128,34169
28134,20220203,35498
28515,20220204,35329
28896,20220207,35623
29277,20220208,35608
29658,20220209,35714
30039,20220210,36104
30420,20220211,35859
30801,20220214,35493
31182,20220215,35474
31563,20220216,35536
31944,20220217,35897
32325,20220218,35637
32706,20220221,35454
33087,20220222,35339
33468,20220223,35637
33849,20220224,35079
34230,20220225,34906
34611,20220228,34747
34992,20220302,35257
35373,20220303,35421
35754,20220304,35628
36135,20220307,34655
36516,20220308,33986
36897,20220310,34655
37278,20220311,34574
37659,20220314,34506
38040,20220315,34371
38421,20220316,34540
38802,20220317,35276
39183,20220318,35122
39564,20220321,35474
39945,20220322,34935
40326,20220323,35450
40707,20220324,35315
41088,20220325,35551
41469,20220328,35137
41850,20220329,35459
42231,20220330,35695
42612,20220331,35560
42993,20220401,35546
43374,20220404,35353
43755,20220405,35729
44136,20220406,35329
44517,20220407,35026
44898,20220408,34800
45279,20220411,34617
45660,20220412,34511
46041,20220413,34521
46422,20220414,35069
46803,20220415,34655
47184,20220418,34357
47565,20220419,34636
47946,20220420,34911
48327,20220421,34983
48708,20220422,34713
49089,20220425,34266
49470,20220426,34227
49851,20220427,33770
50232,20220428,34033
50613,20220429,34189
50994,20220502,34277
51375,20220503,34550
51756,20220504,34619
52137,20220506,34189
52518,20220509,33930
52899,20220510,33491
53280,20220511,33393
53661,20220512,33222
54042,20220513,33212
54423,20220516,34033
54804,20220517,33715
55185,20220518,34169
55566,20220519,33325
55947,20220520,33706
56328,20220523,34311
56709,20220524,34130
57090,20220525,33847
57471,20220526,33784
57852,20220527,34018
58233,20220530,34399
58614,20220531,34414
58995,20220602,34414
59376,20220603,34526
59757,20220607,34257
60138,20220608,33808
60519,20220609,33740
60900,20220610,33491
61281,20220613,32724
61662,20220614,31650
62043,20220615,32036
62424,20220616,31928
62805,20220617,30937
63186,20220620,31484
63567,20220621,30937
63947,20220622,31059
64328,20220623,30146
64709,20220624,30078
65090,20220627,30781
65471,20220628,30981
65852,20220629,30815
66233,20220630,30546
66614,20220701,30322
66995,20220704,29853
67376,20220705,30131
67757,20220706,30087
68138,20220707,29873
68519,20220708,30454
68900,20220711,30468
69281,20220712,30107
69662,20220713,30014
70043,20220714,29873
70424,20220715,30175
70805,20220718,30473
71186,20220719,30717
71567,20220720,31235
71948,20220721,31010
72329,20220722,31235
72710,20220725,31005
73091,20220726,31123
73472,20220727,31333
73853,20220728,31655
74234,20220729,31807
74615,20220801,31616
74996,20220802,31646
75377,20220803,31523
75758,20220804,31939
76139,20220805,31988
76520,20220808,31881
76901,20220809,32052
77282,20220810,31973
77663,20220811,32130
78044,20220812,32262
78425,20220816,32639
78806,20220817,32561
79187,20220818,32164
79568,20220819,32248
79949,20220822,31685
80330,20220823,31391
80711,20220824,31318
81092,20220825,31465
81473,20220826,31861
81854,20220829,30970
82235,20220830,31112
82616,20220831,31014
82997,20220901,31142
83378,20220902,30961
83759,20220905,30652
84140,20220906,30731
84521,20220907,30447
84902,20220908,30422
85283,20220913,30824
85664,20220914,30329
86045,20220915,30677
86426,20220916,30148
86807,20220919,30290
87188,20220920,30217
87569,20220921,29884
87950,20220922,29473
88331,20220923,29502
88712,20220926,28773
89093,20220927,28455
89474,20220928,28157
89855,20220929,28127
90236,20220930,27687
90617,20221004,28073
90998,20221005,28837
91379,20221006,28577
91760,20221007,28352
92141,20221011,27990
92522,20221012,27917
92903,20221013,28108
93284,20221014,28166
93665,20221017,28059
94046,20221018,28871
94427,20221019,28842
94808,20221020,28426
95189,20221021,28225
95570,20221024,28812
95951,20221025,28670
96332,20221026,28666
96713,20221027,29037
97094,20221028,29159
97475,20221031,29311
97856,20221101,29508
98237,20221102,29729
98618,20221103,29321
98999,20221104,29527
99380,20221107,30009
99761,20221108,30465
100142,20221109,30814
100523,20221110,30740
100904,20221111,31565
101285,20221114,31855
101666,20221115,31708
102047,20221116,31767
102809,20221118,31226
103190,20221121,31231
103571,20221122,30843
103952,20221123,30917
104333,20221124,31118
104714,20221125,31212
105095,20221128,30868
105476,20221129,30671
105857,20221130,30868
106238,20221201,31953
106619,20221202,31575
107000,20221205,31089
107381,20221206,30617
107762,20221207,30382
108143,20221208,30342
108524,20221209,30470
108905,20221212,30455
109285,20221213,30642
109666,20221214,30568
110047,20221215,30613
110428,20221216,29837
110809,20221219,30072
111190,20221220,30038
111571,20221221,30082
111952,20221222,29964
112333,20221223,29876
112714,20221226,29665
113095,20221227,29866
113476,20221228,29812
113857,20221229,29434
114559,20230103,28928
114940,20230104,28732
115321,20230105,29670
115702,20230106,29532
116083,20230109,30392
116464,20230110,30784
116845,20230111,31045
117226,20230112,31148
117607,20230113,31128
117988,20230116,31334
118369,20230117,31506
118750,20230118,31241
119131,20230119,30907
119512,20230120,31236
119893,20230125,31914
120274,20230126,31997
120655,20230127,32479
121036,20230130,32680
121417,20230131,32148
121798,20230201,31878
122179,20230202,32434
122560,20230203,32281
122941,20230206,32183
123322,20230207,31760
123703,20230208,32134
124084,20230209,32237
124465,20230210,32124
124846,20230213,32075
125227,20230214,32311
125608,20230215,32311
125989,20230216,31843
126370,20230217,31809
126751,20230220,32011
127132,20230221,32080
127513,20230222,31656
127894,20230223,31607
128275,20230224,31824
128656,20230227,31312
129037,20230228,31430
129418,20230302,31430
129799,20230303,31656
130180,20230306,31824
130561,20230307,31947
130942,20230308,31538
131323,20230309,31499
131704,20230310,30908
132085,20230313,31080
132466,20230314,30888
132847,20230315,30770
133228,20230316,30529
133609,20230317,31080
133990,20230320,31075
134371,20230321,31031
134752,20230322,31213
135133,20230323,31095
135514,20230324,31410
135895,20230327,31415
136276,20230328,31277
136657,20230329,31474
137038,20230330,31774
137419,20230331,31917
137800,20230403,32271
138181,20230404,32045
138562,20230405,32168
138943,20230406,32207
139324,20230407,32001
139705,20230410,32291
140086,20230411,32714
140467,20230412,33015
140848,20230413,32990
141229,20230414,33418
141610,20230417,33320
141991,20230418,33369
142372,20230419,33280
142753,20230420,33207
143134,20230421,33148
143515,20230424,32946
143896,20230425,32906
144277,20230426,32390
144658,20230427,32400
145039,20230428,32664
145420,20230502,32649
145801,20230503,32654
146182,20230504,32485
146563,20230508,32849
146943,20230509,32839
147324,20230510,32789
147705,20230511,32709
148086,20230512,32385
148467,20230515,32280
148848,20230516,32649
149229,20230517,32470
149610,20230518,32834
149991,20230519,33188
150372,20230522,33412
150753,20230523,33742
151134,20230524,33527
151515,20230525,33767
151896,20230526,33627
152277,20230530,34026
152658,20230531,34096
153039,20230601,33852
153420,20230602,34006
153801,20230605,34425
154182,20230607,34420
154563,20230608,34141
154944,20230609,34375
155325,20230612,34735
155706,20230613,34630
156087,20230614,34595
156468,20230615,34510
156849,20230616,34480
157230,20230619,34370
157611,20230620,34186
157992,20230621,34156
158373,20230622,33837
158754,20230623,34121
159135,20230626,33767
159516,20230627,33926
159897,20230628,34101
160278,20230629,33891
160659,20230630,33797
161040,20230703,34011
161421,20230704,34400
161802,20230705,34226
162183,20230706,33936
162564,20230707,33502
162945,20230710,33268
163326,20230711,33403
163707,20230712,33777
164088,20230713,34246
164469,20230714,34465
164850,20230717,34595
165231,20230718,34735
165612,20230719,34610
165993,20230720,34156
166374,20230721,34026
166755,20230724,34291
167136,20230725,34605
167517,20230726,34580
167898,20230727,34256
168279,20230728,34415
168660,20230731,34685
169041,20230801,34720
169422,20230802,34975
169803,20230803,34450
170184,20230804,34275
170565,20230807,34040
170946,20230808,34250
171327,20230809,33900
171708,20230810,34005
172089,20230811,34175
172470,20230814,33890
172851,20230816,33435
173232,20230817,32980
173613,20230818,32700
173994,20230821,32985
174375,20230822,33135
174756,20230823,32905
175137,20230824,33345
175518,20230825,32980
175899,20230828,33290
176280,20230829,33470
176661,20230830,33790
177042,20230831,33630
177423,20230901,33485
177804,20230904,34010
178185,20230905,34040
178566,20230906,34025
178947,20230907,33755
179328,20230908,33725
179708,20230911,33745
180089,20230912,33940
180469,20230913,33650
180850,20230914,33770
181231,20230915,34190
181612,20230918,34325
181993,20230919,34250
182374,20230920,33900
182755,20230921,33715
183136,20230922,33005
183517,20230925,33105
183898,20230926,33230
184279,20230927,32620
184660,20231004,32480
185041,20231005,32235
185422,20231006,32060
185803,20231010,32405
186184,20231011,32595
186565,20231012,32865
186946,20231013,32755
187327,20231016,32610
187708,20231017,32750
188089,20231018,32835
188470,20231019,32635
188851,20231020,32175
189232,20231023,31905
189613,20231024,31920
189994,20231025,32105
190375,20231026,31355
