,date,open
4,20211018,37569
385,20211019,38039
766,20211020,38241
1147,20211021,37847
1528,20211022,37766
1909,20211025,37569
2290,20211026,38178
2671,20211027,38274
3052,20211028,38006
3433,20211029,38078
3814,20211101,37501
4195,20211102,37866
4576,20211103,37881
4957,20211104,37919
5338,20211105,37780
5719,20211108,37318
6100,20211109,37688
6481,20211110,37463
6862,20211111,36891
7243,20211112,37299
7624,20211115,37727
8005,20211116,37842
8386,20211117,37905
9148,20211119,37467
9529,20211122,37871
9910,20211123,38332
10291,20211124,38169
10672,20211125,37871
11053,20211126,37631
11434,20211129,36809
11815,20211130,37045
12196,20211201,36329
12577,20211202,36617
12958,20211203,37169
13339,20211206,37463
13720,20211207,37650
14101,20211208,38558
14482,20211209,38270
14863,20211210,38155
15244,20211213,38424
15625,20211214,37967
16006,20211215,37804
16387,20211216,38332
16768,20211217,37986
17149,20211220,38006
17530,20211221,37895
17911,20211222,38217
18292,20211223,38207
18673,20211224,38505
19054,20211227,38553
19435,20211228,38395
19816,20211229,38664
20197,20211230,38678
20899,20220104,38342
21280,20220105,38299
21661,20220106,37669
22042,20220107,37684
22423,20220110,37717
22804,20220111,37842
23185,20220112,38087
23566,20220113,38414
23947,20220114,37727
24328,20220117,37578
24709,20220118,37318
25090,20220119,36795
25471,20220120,36684
25852,20220121,36535
26233,20220124,36473
26614,20220125,35944
26995,20220126,35406
27376,20220127,35276
27757,20220128,34165
28138,20220203,35623
28519,20220204,35469
28900,20220207,35262
29281,20220208,35743
29662,20220209,35695
30043,20220210,36186
30424,20220211,35777
30805,20220214,35594
31186,20220215,35373
31567,20220216,35599
31948,20220217,35748
32329,20220218,35695
32710,20220221,35300
33091,20220222,35257
33472,20220223,35604
33853,20220224,35045
34234,20220225,34911
34615,20220228,34704
34996,20220302,35185
35377,20220303,35479
35758,20220304,35536
36139,20220307,34569
36520,20220308,33866
36901,20220310,34670
37282,20220311,34482
37663,20220314,34569
38044,20220315,34323
38425,20220316,34477
38806,20220317,35353
39187,20220318,35190
39568,20220321,35272
39949,20220322,35060
40330,20220323,35546
40711,20220324,35276
41092,20220325,35392
41473,20220328,34988
41854,20220329,35546
42235,20220330,35753
42616,20220331,35560
42997,20220401,35411
43378,20220404,35219
43759,20220405,35676
44140,20220406,35291
44521,20220407,34949
44902,20220408,34766
45283,20220411,34559
45664,20220412,34607
46045,20220413,34530
46426,20220414,34944
46807,20220415,34506
47188,20220418,34338
47569,20220419,34737
47950,20220420,34742
48331,20220421,34988
48712,20220422,34588
49093,20220425,34169
49474,20220426,34174
49855,20220427,33717
50236,20220428,33891
50617,20220429,34238
50998,20220502,34448
51379,20220503,34560
51760,20220504,34672
52141,20220506,34077
52522,20220509,33969
52903,20220510,33530
53284,20220511,33349
53665,20220512,33212
54046,20220513,33276
54427,20220516,34028
54808,20220517,33784
55189,20220518,34213
55570,20220519,33388
55951,20220520,33774
56332,20220523,34208
56713,20220524,34130
57094,20220525,33808
57475,20220526,33906
57856,20220527,34150
58237,20220530,34453
58618,20220531,34467
58999,20220602,34331
59380,20220603,34540
59761,20220607,34101
60142,20220608,33828
60523,20220609,33730
60904,20220610,33383
61285,20220613,32797
61666,20220614,31772
62047,20220615,32001
62428,20220616,31938
62809,20220617,30917
63190,20220620,31269
63571,20220621,30986
63951,20220622,30917
64332,20220623,30385
64713,20220624,30092
65094,20220627,30668
65475,20220628,31093
65856,20220629,30878
66237,20220630,30366
66618,20220701,30390
66999,20220704,29653
67380,20220705,30034
67761,20220706,30068
68142,20220707,29907
68523,20220708,30527
68904,20220711,30439
69285,20220712,30063
69666,20220713,30112
70047,20220714,29868
70428,20220715,30068
70809,20220718,30605
71190,20220719,30639
71571,20220720,31259
71952,20220721,31015
72333,20220722,31245
72714,20220725,31162
73095,20220726,31176
73476,20220727,31245
73857,20220728,31685
74238,20220729,31783
74619,20220801,31499
75000,20220802,31592
75381,20220803,31440
75762,20220804,31871
76143,20220805,32013
76524,20220808,31939
76905,20220809,32062
77286,20220810,31915
77667,20220811,32135
78048,20220812,32394
78429,20220816,32517
78810,20220817,32551
79191,20220818,32047
79572,20220819,32052
79953,20220822,31616
80334,20220823,31425
80715,20220824,31337
81096,20220825,31450
81477,20220826,31866
81858,20220829,31068
82239,20220830,31127
82620,20220831,30985
83001,20220901,31137
83382,20220902,30887
83763,20220905,30780
84144,20220906,30691
84525,20220907,30408
84906,20220908,30378
85287,20220913,30853
85668,20220914,30315
86049,20220915,30682
86430,20220916,30153
86811,20220919,30300
87192,20220920,30251
87573,20220921,29913
87954,20220922,29444
88335,20220923,29507
88716,20220926,28749
89097,20220927,28406
89478,20220928,28269
89859,20220929,28201
90240,20220930,27643
90621,20221004,28108
91002,20221005,28734
91383,20221006,28543
91764,20221007,28323
92145,20221011,27878
92526,20221012,27961
92907,20221013,28069
93288,20221014,28245
93669,20221017,28015
94050,20221018,28783
94431,20221019,28803
94812,20221020,28392
95193,20221021,28303
95574,20221024,28812
95955,20221025,28587
96336,20221026,28695
96717,20221027,29047
97098,20221028,29257
97479,20221031,29306
97860,20221101,29503
98241,20221102,29704
98622,20221103,29336
99003,20221104,29626
99384,20221107,30048
99765,20221108,30451
100146,20221109,30819
100527,20221110,30760
100908,20221111,31659
101289,20221114,31889
101670,20221115,31693
102051,20221116,31693
102813,20221118,31217
103194,20221121,31094
103575,20221122,30868
103956,20221123,30976
104337,20221124,31153
104718,20221125,31148
105099,20221128,30775
105480,20221129,30647
105861,20221130,30971
106242,20221201,31909
106623,20221202,31403
107004,20221205,30907
107385,20221206,30554
107766,20221207,30392
108147,20221208,30347
108528,20221209,30485
108909,20221212,30465
109289,20221213,30627
109670,20221214,30603
110051,20221215,30544
110432,20221216,29901
110813,20221219,30082
111194,20221220,29974
111575,20221221,30018
111956,20221222,29940
112337,20221223,29925
112718,20221226,29694
113099,20221227,29969
113480,20221228,29773
113861,20221229,29439
114563,20230103,28825
114944,20230104,28810
115325,20230105,29738
115706,20230106,29684
116087,20230109,30397
116468,20230110,30789
116849,20230111,31113
117230,20230112,31094
117611,20230113,31251
117992,20230116,31369
118373,20230117,31364
118754,20230118,31236
119135,20230119,31015
119516,20230120,31428
119897,20230125,31914
120278,20230126,31958
120659,20230127,32434
121040,20230130,32714
121421,20230131,32075
121802,20230201,31932
122183,20230202,32473
122564,20230203,32242
122945,20230206,32070
123326,20230207,31789
123707,20230208,32252
124088,20230209,32247
124469,20230210,32119
124850,20230213,32139
125231,20230214,32355
125612,20230215,32183
125993,20230216,31858
126374,20230217,31961
126755,20230220,31868
127136,20230221,32006
127517,20230222,31745
127898,20230223,31696
128279,20230224,31952
128660,20230227,31253
129041,20230228,31494
129422,20230302,31548
129803,20230303,31617
130184,20230306,31740
130565,20230307,31922
130946,20230308,31504
131327,20230309,31548
131708,20230310,30864
132089,20230313,31115
132470,20230314,30820
132851,20230315,30824
133232,20230316,30485
133613,20230317,31110
133994,20230320,31036
134375,20230321,31080
134756,20230322,31203
135137,20230323,31105
135518,20230324,31425
135899,20230327,31312
136280,20230328,31312
136661,20230329,31533
137042,20230330,31720
137423,20230331,31892
137804,20230403,32143
138185,20230404,32080
138566,20230405,32198
138947,20230406,32114
139328,20230407,32099
139709,20230410,32385
140090,20230411,32798
140471,20230412,33054
140852,20230413,33044
141233,20230414,33458
141614,20230417,33202
141995,20230418,33369
142376,20230419,33369
142757,20230420,33098
143138,20230421,33143
143519,20230424,32965
143900,20230425,32906
144281,20230426,32404
144662,20230427,32320
145043,20230428,32679
145424,20230502,32749
145805,20230503,32659
146186,20230504,32460
146567,20230508,32884
146947,20230509,32849
147328,20230510,32659
147709,20230511,32729
148090,20230512,32355
148471,20230515,32180
148852,20230516,32754
149233,20230517,32509
149614,20230518,32854
149995,20230519,33223
150376,20230522,33408
150757,20230523,33692
151138,20230524,33547
151519,20230525,33787
151900,20230526,33612
152281,20230530,34026
152662,20230531,34096
153043,20230601,33862
153424,20230602,34041
153805,20230605,34420
154186,20230607,34400
154567,20230608,34171
154948,20230609,34291
155329,20230612,34705
155710,20230613,34650
156091,20230614,34605
156472,20230615,34575
156853,20230616,34425
157234,20230619,34375
157615,20230620,34216
157996,20230621,34106
158377,20230622,33876
158758,20230623,34066
159139,20230626,33772
159520,20230627,33901
159901,20230628,34016
160282,20230629,33951
160663,20230630,33752
161044,20230703,34156
161425,20230704,34326
161806,20230705,34335
162187,20230706,33827
162568,20230707,33457
162949,20230710,33228
163330,20230711,33408
163711,20230712,33807
164092,20230713,34266
164473,20230714,34500
164854,20230717,34615
165235,20230718,34735
165616,20230719,34535
165997,20230720,34186
166378,20230721,33966
166759,20230724,34211
167140,20230725,34610
167521,20230726,34500
167902,20230727,34271
168283,20230728,34345
168664,20230731,34695
169045,20230801,34740
169426,20230802,34955
169807,20230803,34440
170188,20230804,34230
170569,20230807,34025
170950,20230808,34255
171331,20230809,34000
171712,20230810,34025
172093,20230811,34285
172474,20230814,33925
172855,20230816,33415
173236,20230817,32930
173617,20230818,32725
173998,20230821,33050
174379,20230822,33245
174760,20230823,32870
175141,20230824,33355
175522,20230825,33005
175903,20230828,33230
176284,20230829,33385
176665,20230830,33800
177046,20230831,33620
177427,20230901,33600
177808,20230904,34015
178189,20230905,34165
178570,20230906,34020
178951,20230907,33820
179332,20230908,33670
179712,20230911,33765
180093,20230912,33920
180473,20230913,33725
180854,20230914,33800
181235,20230915,34200
181616,20230918,34435
181997,20230919,34165
182378,20230920,33980
182759,20230921,33715
183140,20230922,33040
183521,20230925,33185
183902,20230926,33175
184283,20230927,32700
184664,20231004,32205
185045,20231005,32185
185426,20231006,32140
185807,20231010,32500
186188,20231011,32650
186569,20231012,32900
186950,20231013,32740
187331,20231016,32630
187712,20231017,32740
188093,20231018,32835
188474,20231019,32615
188855,20231020,32140
189236,20231023,31885
189617,20231024,31895
189998,20231025,32020
190379,20231026,31365
