,date,open
3,20211018,37598
384,20211019,38039
765,20211020,38221
1146,20211021,37862
1527,20211022,37785
1908,20211025,37574
2289,20211026,38178
2670,20211027,38250
3051,20211028,37972
3432,20211029,38063
3813,20211101,37467
4194,20211102,37823
4575,20211103,37914
4956,20211104,37890
5337,20211105,37775
5718,20211108,37391
6099,20211109,37631
6480,20211110,37458
6861,20211111,36838
7242,20211112,37251
7623,20211115,37785
8004,20211116,37804
8385,20211117,37905
9147,20211119,37405
9528,20211122,37837
9909,20211123,38280
10290,20211124,38183
10671,20211125,37871
11052,20211126,37602
11433,20211129,36790
11814,20211130,37097
12195,20211201,36280
12576,20211202,36559
12957,20211203,37160
13338,20211206,37496
13719,20211207,37717
14100,20211208,38501
14481,20211209,38323
14862,20211210,38198
15243,20211213,38453
15624,20211214,37924
16005,20211215,37770
16386,20211216,38308
16767,20211217,37986
17148,20211220,38025
17529,20211221,37919
17910,20211222,38174
18291,20211223,38251
18672,20211224,38477
19053,20211227,38505
19434,20211228,38376
19815,20211229,38640
20196,20211230,38659
20898,20220104,38342
21279,20220105,38304
21660,20220106,37664
22041,20220107,37655
22422,20220110,37799
22803,20220111,37813
23184,20220112,38054
23565,20220113,38404
23946,20220114,37765
24327,20220117,37583
24708,20220118,37333
25089,20220119,36771
25470,20220120,36727
25851,20220121,36578
26232,20220124,36458
26613,20220125,35992
26994,20220126,35464
27375,20220127,35272
27756,20220128,34285
28137,20220203,35531
28518,20220204,35397
28899,20220207,35276
29280,20220208,35724
29661,20220209,35705
30042,20220210,36186
30423,20220211,35758
30804,20220214,35546
31185,20220215,35382
31566,20220216,35633
31947,20220217,35787
32328,20220218,35705
32709,20220221,35305
33090,20220222,35305
33471,20220223,35618
33852,20220224,35041
34233,20220225,34891
34614,20220228,34747
34995,20220302,35204
35376,20220303,35464
35757,20220304,35527
36138,20220307,34511
36519,20220308,33866
36900,20220310,34694
37281,20220311,34448
37662,20220314,34550
38043,20220315,34309
38424,20220316,34497
38805,20220317,35377
39186,20220318,35113
39567,20220321,35310
39948,20220322,35050
40329,20220323,35546
40710,20220324,35257
41091,20220325,35426
41472,20220328,34997
41853,20220329,35474
42234,20220330,35772
42615,20220331,35531
42996,20220401,35416
43377,20220404,35209
43758,20220405,35705
44139,20220406,35339
44520,20220407,34949
44901,20220408,34766
45282,20220411,34550
45663,20220412,34583
46044,20220413,34574
46425,20220414,34915
46806,20220415,34511
47187,20220418,34294
47568,20220419,34694
47949,20220420,34776
48330,20220421,35031
48711,20220422,34569
49092,20220425,34174
49473,20220426,34179
49854,20220427,33693
50235,20220428,33940
50616,20220429,34247
50997,20220502,34423
51378,20220503,34521
51759,20220504,34667
52140,20220506,34077
52521,20220509,33955
52902,20220510,33481
53283,20220511,33349
53664,20220512,33203
54045,20220513,33242
54426,20220516,34077
54807,20220517,33803
55188,20220518,34252
55569,20220519,33388
55950,20220520,33803
56331,20220523,34243
56712,20220524,34101
57093,20220525,33832
57474,20220526,33886
57855,20220527,34145
58236,20220530,34423
58617,20220531,34516
58998,20220602,34316
59379,20220603,34536
59760,20220607,34096
60141,20220608,33818
60522,20220609,33784
60903,20220610,33388
61284,20220613,32783
61665,20220614,31689
62046,20220615,32045
62427,20220616,31962
62808,20220617,30834
63189,20220620,31284
63570,20220621,30986
63950,20220622,30927
64331,20220623,30415
64712,20220624,30117
65093,20220627,30703
65474,20220628,31064
65855,20220629,30893
66236,20220630,30400
66617,20220701,30375
66998,20220704,29697
67379,20220705,30078
67760,20220706,30029
68141,20220707,29902
68522,20220708,30546
68903,20220711,30468
69284,20220712,30083
69665,20220713,30117
70046,20220714,29873
70427,20220715,30161
70808,20220718,30546
71189,20220719,30644
71570,20220720,31269
71951,20220721,31005
72332,20220722,31269
72713,20220725,31176
73094,20220726,31142
73475,20220727,31259
73856,20220728,31695
74237,20220729,31758
74618,20220801,31489
74999,20220802,31577
75380,20220803,31455
75761,20220804,31905
76142,20220805,32062
76523,20220808,31920
76904,20220809,32071
77285,20220810,31934
77666,20220811,32135
78047,20220812,32341
78428,20220816,32541
78809,20220817,32561
79190,20220818,32047
79571,20220819,32086
79952,20220822,31636
80333,20220823,31460
80714,20220824,31313
81095,20220825,31460
81476,20220826,31851
81857,20220829,31019
82238,20220830,31127
82619,20220831,30985
83000,20220901,31151
83381,20220902,30882
83762,20220905,30750
84143,20220906,30672
84524,20220907,30408
84905,20220908,30388
85286,20220913,30912
85667,20220914,30300
86048,20220915,30628
86429,20220916,30148
86810,20220919,30334
87191,20220920,30236
87572,20220921,29864
87953,20220922,29458
88334,20220923,29512
88715,20220926,28773
89096,20220927,28440
89477,20220928,28284
89858,20220929,28191
90239,20220930,27702
90620,20221004,28064
91001,20221005,28763
91382,20221006,28494
91763,20221007,28347
92144,20221011,27917
92525,20221012,27941
92906,20221013,28069
93287,20221014,28245
93668,20221017,28015
94049,20221018,28827
94430,20221019,28837
94811,20221020,28426
95192,20221021,28289
95573,20221024,28847
95954,20221025,28597
96335,20221026,28710
96716,20221027,29033
97097,20221028,29238
97478,20221031,29311
97859,20221101,29478
98240,20221102,29719
98621,20221103,29326
99002,20221104,29635
99383,20221107,30018
99764,20221108,30475
100145,20221109,30789
100526,20221110,30740
100907,20221111,31688
101288,20221114,31879
101669,20221115,31717
102050,20221116,31717
102812,20221118,31261
103193,20221121,31099
103574,20221122,30824
103955,20221123,30937
104336,20221124,31167
104717,20221125,31187
105098,20221128,30794
105479,20221129,30642
105860,20221130,30937
106241,20221201,31924
106622,20221202,31462
107003,20221205,31001
107384,20221206,30608
107765,20221207,30426
108146,20221208,30357
108527,20221209,30460
108908,20221212,30455
109288,20221213,30642
109669,20221214,30622
110050,20221215,30544
110431,20221216,29915
110812,20221219,30097
111193,20221220,30018
111574,20221221,30009
111955,20221222,29910
112336,20221223,29945
112717,20221226,29699
113098,20221227,29930
113479,20221228,29783
113860,20221229,29409
114562,20230103,28859
114943,20230104,28820
115324,20230105,29768
115705,20230106,29650
116086,20230109,30465
116467,20230110,30829
116848,20230111,31104
117229,20230112,31109
117610,20230113,31280
117991,20230116,31359
118372,20230117,31388
118753,20230118,31251
119134,20230119,30996
119515,20230120,31398
119896,20230125,31899
120277,20230126,31948
120658,20230127,32390
121039,20230130,32719
121420,20230131,32104
121801,20230201,31932
122182,20230202,32444
122563,20230203,32212
122944,20230206,32119
123325,20230207,31833
123706,20230208,32252
124087,20230209,32237
124468,20230210,32084
124849,20230213,32055
125230,20230214,32331
125611,20230215,32198
125992,20230216,31878
126373,20230217,31922
126754,20230220,31868
127135,20230221,32020
127516,20230222,31710
127897,20230223,31686
128278,20230224,31917
128659,20230227,31248
129040,20230228,31474
129421,20230302,31543
129802,20230303,31627
130183,20230306,31769
130564,20230307,31892
130945,20230308,31489
131326,20230309,31563
131707,20230310,30869
132088,20230313,31095
132469,20230314,30849
132850,20230315,30795
133231,20230316,30446
133612,20230317,31110
133993,20230320,31031
134374,20230321,31080
134755,20230322,31174
135136,20230323,31100
135517,20230324,31415
135898,20230327,31312
136279,20230328,31307
136660,20230329,31528
137041,20230330,31725
137422,20230331,31888
137803,20230403,32163
138184,20230404,32045
138565,20230405,32217
138946,20230406,32148
139327,20230407,32094
139708,20230410,32360
140089,20230411,32798
140470,20230412,33029
140851,20230413,33000
141232,20230414,33482
141613,20230417,33241
141994,20230418,33354
142375,20230419,33389
142756,20230420,33113
143137,20230421,33133
143518,20230424,32965
143899,20230425,32941
144280,20230426,32419
144661,20230427,32330
145042,20230428,32654
145423,20230502,32729
145804,20230503,32649
146185,20230504,32499
146566,20230508,32864
146946,20230509,32814
147327,20230510,32674
147708,20230511,32734
148089,20230512,32385
148470,20230515,32210
148851,20230516,32734
149232,20230517,32504
149613,20230518,32864
149994,20230519,33213
150375,20230522,33378
150756,20230523,33677
151137,20230524,33572
151518,20230525,33772
151899,20230526,33587
152280,20230530,34006
152661,20230531,34086
153042,20230601,33847
153423,20230602,34011
153804,20230605,34410
154185,20230607,34390
154566,20230608,34181
154947,20230609,34291
155328,20230612,34720
155709,20230613,34660
156090,20230614,34625
156471,20230615,34585
156852,20230616,34450
157233,20230619,34355
157614,20230620,34206
157995,20230621,34121
158376,20230622,33871
158757,20230623,34091
159138,20230626,33792
159519,20230627,33916
159900,20230628,34046
160281,20230629,33946
160662,20230630,33762
161043,20230703,34126
161424,20230704,34321
161805,20230705,34306
162186,20230706,33817
162567,20230707,33457
162948,20230710,33228
163329,20230711,33383
163710,20230712,33732
164091,20230713,34271
164472,20230714,34505
164853,20230717,34615
165234,20230718,34740
165615,20230719,34550
165996,20230720,34221
166377,20230721,33976
166758,20230724,34221
167139,20230725,34665
167520,20230726,34555
167901,20230727,34306
168282,20230728,34360
168663,20230731,34715
169044,20230801,34760
169425,20230802,34955
169806,20230803,34460
170187,20230804,34225
170568,20230807,34080
170949,20230808,34285
171330,20230809,33920
171711,20230810,34025
172092,20230811,34285
172473,20230814,33915
172854,20230816,33400
173235,20230817,32935
173616,20230818,32725
173997,20230821,33065
174378,20230822,33245
174759,20230823,32890
175140,20230824,33375
175521,20230825,33005
175902,20230828,33255
176283,20230829,33425
176664,20230830,33805
177045,20230831,33595
177426,20230901,33565
177807,20230904,33985
178188,20230905,34150
178569,20230906,34030
178950,20230907,33820
179331,20230908,33645
179711,20230911,33765
180092,20230912,33935
180472,20230913,33710
180853,20230914,33810
181234,20230915,34185
181615,20230918,34400
181996,20230919,34205
182377,20230920,33990
182758,20230921,33715
183139,20230922,33055
183520,20230925,33190
183901,20230926,33200
184282,20230927,32675
184663,20231004,32190
185044,20231005,32220
185425,20231006,32165
185806,20231010,32475
186187,20231011,32655
186568,20231012,32920
186949,20231013,32775
187330,20231016,32610
187711,20231017,32720
188092,20231018,32860
188473,20231019,32625
188854,20231020,32155
189235,20231023,31925
189616,20231024,31925
189997,20231025,32060
190378,20231026,31370
