,date,open
18,20211018,37449
399,20211019,38020
780,20211020,38102
1161,20211021,37867
1542,20211022,37790
1923,20211025,37545
2304,20211026,38130
2685,20211027,38154
3066,20211028,38082
3447,20211029,37982
3828,20211101,37588
4209,20211102,38034
4590,20211103,37732
4971,20211104,37948
5352,20211105,37554
5733,20211108,37237
6114,20211109,37621
6495,20211110,37357
6876,20211111,36857
7257,20211112,37376
7638,20211115,37751
8019,20211116,37852
8400,20211117,37761
9162,20211119,37410
9543,20211122,38001
9924,20211123,38207
10305,20211124,38241
10686,20211125,37847
11067,20211126,37588
11448,20211129,36891
11829,20211130,37059
12210,20211201,35992
12591,20211202,36905
12972,20211203,37184
13353,20211206,37256
13734,20211207,37636
14115,20211208,38496
14496,20211209,38265
14877,20211210,38203
15258,20211213,38491
15639,20211214,38001
16020,20211215,37813
16401,20211216,38255
16782,20211217,38121
17163,20211220,37934
17544,20211221,37847
17925,20211222,38174
18306,20211223,38150
18687,20211224,38645
19068,20211227,38515
19449,20211228,38255
19830,20211229,38702
20211,20211230,38477
20913,20220104,38313
21294,20220105,38222
21675,20220106,37799
22056,20220107,37818
22437,20220110,37539
22818,20220111,37789
23199,20220112,38174
23580,20220113,38337
23961,20220114,37885
24342,20220117,37415
24723,20220118,37222
25104,20220119,36881
25485,20220120,36819
25866,20220121,36617
26247,20220124,36463
26628,20220125,35834
27009,20220126,35459
27390,20220127,34935
27771,20220128,34213
28152,20220203,35507
28533,20220204,35565
28914,20220207,35142
29295,20220208,35705
29676,20220209,35796
30057,20220210,36162
30438,20220211,35734
30819,20220214,35445
31200,20220215,35373
31581,20220216,35608
31962,20220217,35936
32343,20220218,35666
32724,20220221,35219
33105,20220222,35286
33486,20220223,35580
33867,20220224,35036
34248,20220225,34997
34629,20220228,34747
35010,20220302,35170
35391,20220303,35507
35772,20220304,35344
36153,20220307,34497
36534,20220308,34097
36915,20220310,34684
37296,20220311,34655
37677,20220314,34675
38058,20220315,34319
38439,20220316,34396
38820,20220317,35377
39201,20220318,35156
39582,20220321,35204
39963,20220322,35060
40344,20220323,35647
40725,20220324,35276
41106,20220325,35252
41487,20220328,34983
41868,20220329,35426
42249,20220330,35763
42630,20220331,35695
43011,20220401,35329
43392,20220404,35344
43773,20220405,35527
44154,20220406,35339
44535,20220407,34935
44916,20220408,34809
45297,20220411,34631
45678,20220412,34550
46059,20220413,34540
46440,20220414,34925
46821,20220415,34487
47202,20220418,34434
47583,20220419,34872
47964,20220420,34694
48345,20220421,35132
48726,20220422,34607
49107,20220425,34270
49488,20220426,34227
49869,20220427,33621
50250,20220428,33842
50631,20220429,34487
51012,20220502,34374
51393,20220503,34531
51774,20220504,34711
52155,20220506,34047
52536,20220509,34057
52917,20220510,33173
53298,20220511,33515
53679,20220512,33134
54060,20220513,33281
54441,20220516,33891
54822,20220517,33925
55203,20220518,34306
55584,20220519,33383
55965,20220520,33896
56346,20220523,34262
56727,20220524,34164
57108,20220525,33671
57489,20220526,33994
57870,20220527,34067
58251,20220530,34331
58632,20220531,34423
59013,20220602,34296
59394,20220603,34497
59775,20220607,34057
60156,20220608,33901
60537,20220609,33662
60918,20220610,33447
61299,20220613,32685
61680,20220614,31855
62061,20220615,31865
62442,20220616,32050
62823,20220617,31069
63204,20220620,31020
63584,20220621,30844
63965,20220622,30878
64346,20220623,30253
64727,20220624,30122
65108,20220627,30542
65489,20220628,31074
65870,20220629,30869
66251,20220630,30341
66632,20220701,30356
67013,20220704,30004
67394,20220705,30078
67775,20220706,29941
68156,20220707,29951
68537,20220708,30493
68918,20220711,30517
69299,20220712,29985
69680,20220713,30107
70061,20220714,29975
70442,20220715,29824
70823,20220718,30551
71204,20220719,30664
71585,20220720,31191
71966,20220721,31025
72347,20220722,31376
72728,20220725,31313
73109,20220726,31108
73490,20220727,31342
73871,20220728,31577
74252,20220729,31807
74633,20220801,31553
75014,20220802,31562
75395,20220803,31518
75776,20220804,31846
76157,20220805,32086
76538,20220808,31934
76919,20220809,32018
77300,20220810,31866
77681,20220811,32218
78062,20220812,32399
78443,20220816,32473
78824,20220817,32629
79205,20220818,32027
79586,20220819,32027
79967,20220822,31572
80348,20220823,31460
80729,20220824,31416
81110,20220825,31479
81491,20220826,31846
81872,20220829,30961
82253,20220830,31137
82634,20220831,30995
83015,20220901,31034
83396,20220902,30838
83777,20220905,30868
84158,20220906,30799
84539,20220907,30334
84920,20220908,30393
85301,20220913,30951
85682,20220914,30271
86063,20220915,30584
86444,20220916,30143
86825,20220919,30173
87206,20220920,30334
87587,20220921,29953
87968,20220922,29424
88349,20220923,29424
88730,20220926,28690
89111,20220927,28465
89492,20220928,28235
89873,20220929,28166
90254,20220930,27750
90635,20221004,28240
91016,20221005,28646
91397,20221006,28656
91778,20221007,28416
92159,20221011,27824
92540,20221012,27980
92921,20221013,28029
93302,20221014,28196
93683,20221017,28005
94064,20221018,28768
94445,20221019,28773
94826,20221020,28421
95207,20221021,28362
95588,20221024,28847
95969,20221025,28763
96350,20221026,28710
96731,20221027,29145
97112,20221028,29233
97493,20221031,29292
97874,20221101,29626
98255,20221102,29714
98636,20221103,29223
99017,20221104,29621
99398,20221107,30151
99779,20221108,30431
100160,20221109,30804
100541,20221110,30853
100922,20221111,31619
101303,20221114,31870
101684,20221115,31703
102065,20221116,31550
102827,20221118,31384
103208,20221121,31030
103589,20221122,30961
103970,20221123,30966
104351,20221124,31104
104732,20221125,31118
105113,20221128,30637
105494,20221129,30681
105875,20221130,30922
106256,20221201,31914
106637,20221202,31320
107018,20221205,31025
107399,20221206,30706
107780,20221207,30436
108161,20221208,30318
108542,20221209,30470
108923,20221212,30519
109303,20221213,30559
109684,20221214,30711
110065,20221215,30622
110446,20221216,30018
110827,20221219,30102
111208,20221220,29964
111589,20221221,29964
111970,20221222,29930
112351,20221223,29812
112732,20221226,29684
113113,20221227,29915
113494,20221228,29709
113875,20221229,29444
114577,20230103,28653
114958,20230104,28928
115339,20230105,29827
115720,20230106,29724
116101,20230109,30519
116482,20230110,30780
116863,20230111,31005
117244,20230112,30986
117625,20230113,31167
118006,20230116,31334
118387,20230117,31536
118768,20230118,31109
119149,20230119,31040
119530,20230120,31339
119911,20230125,32002
120292,20230126,32002
120673,20230127,32479
121054,20230130,32636
121435,20230131,32094
121816,20230201,31868
122197,20230202,32449
122578,20230203,32242
122959,20230206,31986
123340,20230207,31858
123721,20230208,32227
124102,20230209,32193
124483,20230210,32242
124864,20230213,32035
125245,20230214,32444
125626,20230215,32025
126007,20230216,31932
126388,20230217,32040
126769,20230220,31750
127150,20230221,31922
127531,20230222,31602
127912,20230223,31765
128293,20230224,31917
128674,20230227,31213
129055,20230228,31514
129436,20230302,31681
129817,20230303,31592
130198,20230306,31720
130579,20230307,31981
130960,20230308,31425
131341,20230309,31533
131722,20230310,30923
132103,20230313,30962
132484,20230314,30746
132865,20230315,30820
133246,20230316,30475
133627,20230317,31007
134008,20230320,31130
134389,20230321,30987
134770,20230322,31164
135151,20230323,31135
135532,20230324,31410
135913,20230327,31149
136294,20230328,31322
136675,20230329,31543
137056,20230330,31701
137437,20230331,31937
137818,20230403,32055
138199,20230404,32198
138580,20230405,32291
138961,20230406,32030
139342,20230407,32119
139723,20230410,32508
140104,20230411,32749
140485,20230412,33123
140866,20230413,33015
141247,20230414,33369
141628,20230417,33285
142009,20230418,33280
142390,20230419,33344
142771,20230420,33246
143152,20230421,33093
143533,20230424,32926
143914,20230425,32852
144295,20230426,32414
144676,20230427,32125
145057,20230428,32614
145438,20230502,32794
145819,20230503,32724
146200,20230504,32549
146581,20230508,32894
146961,20230509,32779
147342,20230510,32694
147723,20230511,32714
148104,20230512,32350
148485,20230515,32270
148866,20230516,32704
149247,20230517,32514
149628,20230518,32894
150009,20230519,33233
150390,20230522,33622
150771,20230523,33737
151152,20230524,33622
151533,20230525,33702
151914,20230526,33607
152295,20230530,34001
152676,20230531,34166
153057,20230601,33876
153438,20230602,34066
153819,20230605,34370
154200,20230607,34450
154581,20230608,34101
154962,20230609,34350
155343,20230612,34690
155724,20230613,34650
156105,20230614,34505
156486,20230615,34605
156867,20230616,34330
157248,20230619,34311
157629,20230620,34121
158010,20230621,34096
158391,20230622,33966
158772,20230623,34046
159153,20230626,33822
159534,20230627,33822
159915,20230628,33956
160296,20230629,34011
160677,20230630,33597
161058,20230703,34221
161439,20230704,34425
161820,20230705,34166
162201,20230706,33712
162582,20230707,33298
162963,20230710,33303
163344,20230711,33532
163725,20230712,33777
164106,20230713,34306
164487,20230714,34455
164868,20230717,34660
165249,20230718,34605
165630,20230719,34500
166011,20230720,34216
166392,20230721,33857
166773,20230724,34226
167154,20230725,34515
167535,20230726,34460
167916,20230727,34281
168297,20230728,34375
168678,20230731,34660
169059,20230801,34910
169440,20230802,34960
169821,20230803,34325
170202,20230804,34210
170583,20230807,34260
170964,20230808,34090
171345,20230809,34105
171726,20230810,34040
172107,20230811,34345
172488,20230814,33875
172869,20230816,33430
173250,20230817,32800
173631,20230818,32835
174012,20230821,33010
174393,20230822,33170
174774,20230823,32985
175155,20230824,33420
175536,20230825,33025
175917,20230828,33175
176298,20230829,33465
176679,20230830,33755
177060,20230831,33640
177441,20230901,33640
177822,20230904,34005
178203,20230905,34115
178584,20230906,34040
178965,20230907,33795
179346,20230908,33725
179726,20230911,33660
180107,20230912,33870
180487,20230913,33775
180868,20230914,33830
181249,20230915,34260
181630,20230918,34375
182011,20230919,34150
182392,20230920,33950
182773,20230921,33755
183154,20230922,33010
183535,20230925,33135
183916,20230926,33005
184297,20230927,32765
184678,20231004,32190
185059,20231005,32130
185440,20231006,32170
185821,20231010,32590
186202,20231011,32665
186583,20231012,32920
186964,20231013,32835
187345,20231016,32685
187726,20231017,32810
188107,20231018,32860
188488,20231019,32540
188869,20231020,31965
189250,20231023,31920
189631,20231024,31795
190012,20231025,31995
190393,20231026,31335
