,date,open
25,20211018,37507
406,20211019,37948
787,20211020,38116
1168,20211021,37934
1549,20211022,37756
1930,20211025,37660
2311,20211026,38121
2692,20211027,38106
3073,20211028,38073
3454,20211029,37909
3835,20211101,37559
4216,20211102,38073
4597,20211103,37746
4978,20211104,37929
5359,20211105,37607
5740,20211108,37222
6121,20211109,37602
6502,20211110,37318
6883,20211111,36891
7264,20211112,37395
7645,20211115,37789
8026,20211116,37780
8407,20211117,37664
9169,20211119,37424
9550,20211122,38034
9931,20211123,38169
10312,20211124,38150
10693,20211125,37770
11074,20211126,37511
11455,20211129,36876
11836,20211130,36982
12217,20211201,36218
12598,20211202,36992
12979,20211203,37213
13360,20211206,37318
13741,20211207,37583
14122,20211208,38390
14503,20211209,38275
14884,20211210,38174
15265,20211213,38544
15646,20211214,38020
16027,20211215,37823
16408,20211216,38179
16789,20211217,38135
17170,20211220,37982
17551,20211221,37780
17932,20211222,38116
18313,20211223,38116
18694,20211224,38616
19075,20211227,38573
19456,20211228,38255
19837,20211229,38741
20218,20211230,38510
20920,20220104,38313
21301,20220105,38015
21682,20220106,37703
22063,20220107,37852
22444,20220110,37544
22825,20220111,37722
23206,20220112,38212
23587,20220113,38337
23968,20220114,37866
24349,20220117,37448
24730,20220118,37256
25111,20220119,36910
25492,20220120,36852
25873,20220121,36622
26254,20220124,36391
26635,20220125,35613
27016,20220126,35492
27397,20220127,35007
27778,20220128,34116
28159,20220203,35464
28540,20220204,35637
28921,20220207,35079
29302,20220208,35522
29683,20220209,35724
30064,20220210,36239
30445,20220211,35710
30826,20220214,35402
31207,20220215,35310
31588,20220216,35560
31969,20220217,35892
32350,20220218,35604
32731,20220221,35238
33112,20220222,35257
33493,20220223,35580
33874,20220224,35055
34255,20220225,35055
34636,20220228,34742
35017,20220302,35175
35398,20220303,35589
35779,20220304,35262
36160,20220307,34448
36541,20220308,34155
36922,20220310,34776
37303,20220311,34636
37684,20220314,34636
38065,20220315,34333
38446,20220316,34410
38827,20220317,35426
39208,20220318,35228
39589,20220321,35170
39970,20220322,35065
40351,20220323,35657
40732,20220324,35262
41113,20220325,35262
41494,20220328,35036
41875,20220329,35440
42256,20220330,35705
42637,20220331,35743
43018,20220401,35325
43399,20220404,35382
43780,20220405,35512
44161,20220406,35363
44542,20220407,34920
44923,20220408,34800
45304,20220411,34718
45685,20220412,34535
46066,20220413,34526
46447,20220414,34896
46828,20220415,34444
47209,20220418,34477
47590,20220419,34901
47971,20220420,34723
48352,20220421,35084
48733,20220422,34574
49114,20220425,34246
49495,20220426,34256
49876,20220427,33640
50257,20220428,33793
50638,20220429,34580
51019,20220502,34404
51400,20220503,34506
51781,20220504,34663
52162,20220506,34072
52543,20220509,33984
52924,20220510,33110
53305,20220511,33496
53686,20220512,33168
54067,20220513,33398
54448,20220516,33886
54829,20220517,33920
55210,20220518,34291
55591,20220519,33413
55972,20220520,33867
56353,20220523,34355
56734,20220524,34125
57115,20220525,33686
57496,20220526,33994
57877,20220527,34091
58258,20220530,34365
58639,20220531,34360
59020,20220602,34370
59401,20220603,34536
59782,20220607,34052
60163,20220608,33808
60544,20220609,33715
60925,20220610,33432
61306,20220613,32665
61687,20220614,31953
62068,20220615,31870
62449,20220616,32099
62830,20220617,31088
63211,20220620,30908
63591,20220621,30908
63972,20220622,30791
64353,20220623,30156
64734,20220624,30170
65115,20220627,30659
65496,20220628,30991
65877,20220629,30815
66258,20220630,30449
66639,20220701,30297
67020,20220704,29941
67401,20220705,30146
67782,20220706,29912
68163,20220707,30043
68544,20220708,30522
68925,20220711,30522
69306,20220712,29965
69687,20220713,30039
70068,20220714,29917
70449,20220715,29716
70830,20220718,30615
71211,20220719,30698
71592,20220720,31279
71973,20220721,31103
72354,20220722,31411
72735,20220725,31333
73116,20220726,31147
73497,20220727,31274
73878,20220728,31582
74259,20220729,31861
74640,20220801,31670
75021,20220802,31562
75402,20220803,31548
75783,20220804,31881
76164,20220805,32111
76545,20220808,31905
76926,20220809,31993
77307,20220810,31851
77688,20220811,32228
78069,20220812,32341
78450,20220816,32468
78831,20220817,32610
79212,20220818,31988
79593,20220819,32071
79974,20220822,31572
80355,20220823,31474
80736,20220824,31391
81117,20220825,31484
81498,20220826,31900
81879,20220829,30990
82260,20220830,31112
82641,20220831,31039
83022,20220901,31044
83403,20220902,30877
83784,20220905,30804
84165,20220906,30828
84546,20220907,30261
84927,20220908,30329
85308,20220913,30970
85689,20220914,30295
86070,20220915,30603
86451,20220916,30246
86832,20220919,30202
87213,20220920,30354
87594,20220921,29943
87975,20220922,29429
88356,20220923,29380
88737,20220926,28661
89118,20220927,28377
89499,20220928,28264
89880,20220929,28210
90261,20220930,27731
90642,20221004,28284
91023,20221005,28568
91404,20221006,28695
91785,20221007,28455
92166,20221011,27809
92547,20221012,28044
92928,20221013,28073
93309,20221014,28230
93690,20221017,28083
94071,20221018,28724
94452,20221019,28842
94833,20221020,28328
95214,20221021,28357
95595,20221024,28807
95976,20221025,28812
96357,20221026,28690
96738,20221027,29219
97119,20221028,29193
97500,20221031,29213
97881,20221101,29640
98262,20221102,29724
98643,20221103,29257
99024,20221104,29621
99405,20221107,30195
99786,20221108,30406
100167,20221109,30829
100548,20221110,30858
100929,20221111,31619
101310,20221114,31934
101691,20221115,31683
102072,20221116,31433
102834,20221118,31447
103215,20221121,31025
103596,20221122,30971
103977,20221123,30937
104358,20221124,31079
104739,20221125,31104
105120,20221128,30662
105501,20221129,30657
105882,20221130,31005
106263,20221201,31978
106644,20221202,31364
107025,20221205,31079
107406,20221206,30730
107787,20221207,30465
108168,20221208,30328
108549,20221209,30480
108930,20221212,30431
109310,20221213,30509
109691,20221214,30735
110072,20221215,30593
110453,20221216,30018
110834,20221219,30117
111215,20221220,29910
111596,20221221,29905
111977,20221222,29989
112358,20221223,29861
112739,20221226,29675
113120,20221227,29905
113501,20221228,29729
113882,20221229,29449
114584,20230103,28619
114965,20230104,29046
115346,20230105,29783
115727,20230106,29699
116108,20230109,30578
116489,20230110,30853
116870,20230111,30991
117251,20230112,30956
117632,20230113,31275
118013,20230116,31384
118394,20230117,31433
118775,20230118,31158
119156,20230119,31040
119537,20230120,31325
119918,20230125,32022
120299,20230126,32007
120680,20230127,32513
121061,20230130,32591
121442,20230131,32084
121823,20230201,31853
122204,20230202,32449
122585,20230203,32286
122966,20230206,31947
123347,20230207,31774
123728,20230208,32203
124109,20230209,32212
124490,20230210,32217
124871,20230213,32080
125252,20230214,32385
125633,20230215,32020
126014,20230216,32016
126395,20230217,32080
126776,20230220,31765
127157,20230221,32011
127538,20230222,31602
127919,20230223,31720
128300,20230224,31873
128681,20230227,31174
129062,20230228,31518
129443,20230302,31745
129824,20230303,31627
130205,20230306,31769
130586,20230307,31981
130967,20230308,31445
131348,20230309,31518
131729,20230310,30943
132110,20230313,30923
132491,20230314,30706
132872,20230315,30751
133253,20230316,30426
133634,20230317,30962
134015,20230320,31164
134396,20230321,31056
134777,20230322,31154
135158,20230323,31139
135539,20230324,31425
135920,20230327,31120
136301,20230328,31351
136682,20230329,31523
137063,20230330,31725
137444,20230331,31952
137825,20230403,32099
138206,20230404,32232
138587,20230405,32306
138968,20230406,32060
139349,20230407,32119
139730,20230410,32444
140111,20230411,32695
140492,20230412,33103
140873,20230413,33069
141254,20230414,33344
141635,20230417,33285
142016,20230418,33241
142397,20230419,33354
142778,20230420,33251
143159,20230421,33000
143540,20230424,32951
143921,20230425,32833
144302,20230426,32444
144683,20230427,32110
145064,20230428,32614
145445,20230502,32829
145826,20230503,32709
146207,20230504,32564
146588,20230508,32894
146968,20230509,32749
147349,20230510,32709
147730,20230511,32744
148111,20230512,32300
148492,20230515,32275
148873,20230516,32699
149254,20230517,32554
149635,20230518,32874
150016,20230519,33238
150397,20230522,33642
150778,20230523,33722
151159,20230524,33652
151540,20230525,33692
151921,20230526,33647
152302,20230530,33986
152683,20230531,34131
153064,20230601,33911
153445,20230602,34051
153826,20230605,34350
154207,20230607,34475
154588,20230608,34116
154969,20230609,34435
155350,20230612,34635
155731,20230613,34560
156112,20230614,34585
156493,20230615,34585
156874,20230616,34375
157255,20230619,34281
157636,20230620,34116
158017,20230621,34096
158398,20230622,33971
158779,20230623,34036
159160,20230626,33847
159541,20230627,33876
159922,20230628,33926
160303,20230629,33996
160684,20230630,33597
161065,20230703,34221
161446,20230704,34360
161827,20230705,34166
162208,20230706,33722
162589,20230707,33313
162970,20230710,33223
163351,20230711,33537
163732,20230712,33717
164113,20230713,34306
164494,20230714,34415
164875,20230717,34655
165256,20230718,34590
165637,20230719,34550
166018,20230720,34266
166399,20230721,33832
166780,20230724,34286
167161,20230725,34495
167542,20230726,34370
167923,20230727,34266
168304,20230728,34395
168685,20230731,34730
169066,20230801,34995
169447,20230802,34975
169828,20230803,34470
170209,20230804,34200
170590,20230807,34235
170971,20230808,34155
171352,20230809,34130
171733,20230810,34065
172114,20230811,34310
172495,20230814,33925
172876,20230816,33390
173257,20230817,32750
173638,20230818,32870
174019,20230821,33080
174400,20230822,33125
174781,20230823,33010
175162,20230824,33365
175543,20230825,33050
175924,20230828,33220
176305,20230829,33470
176686,20230830,33790
177067,20230831,33615
177448,20230901,33725
177829,20230904,33985
178210,20230905,34105
178591,20230906,34080
178972,20230907,33760
179353,20230908,33670
179733,20230911,33710
180114,20230912,33850
180494,20230913,33760
180875,20230914,33840
181256,20230915,34250
181637,20230918,34330
182018,20230919,34210
182399,20230920,33965
182780,20230921,33735
183161,20230922,33015
183542,20230925,33245
183923,20230926,32935
184304,20230927,32690
184685,20231004,32180
185066,20231005,32065
185447,20231006,32165
185828,20231010,32650
186209,20231011,32670
186590,20231012,32975
186971,20231013,32780
187352,20231016,32635
187733,20231017,32815
188114,20231018,32900
188495,20231019,32515
188876,20231020,31980
189257,20231023,31845
189638,20231024,31810
190019,20231025,32095
190400,20231026,31355
