,date,open
15,20211018,37469
396,20211019,38030
777,20211020,38087
1158,20211021,37891
1539,20211022,37737
1920,20211025,37521
2301,20211026,38145
2682,20211027,38188
3063,20211028,38049
3444,20211029,38020
3825,20211101,37539
4206,20211102,37996
4587,20211103,37809
4968,20211104,37924
5349,20211105,37482
5730,20211108,37242
6111,20211109,37775
6492,20211110,37386
6873,20211111,36891
7254,20211112,37371
7635,20211115,37737
8016,20211116,37847
8397,20211117,37741
9159,20211119,37496
9540,20211122,38006
9921,20211123,38188
10302,20211124,38294
10683,20211125,37833
11064,20211126,37588
11445,20211129,36804
11826,20211130,37049
12207,20211201,36180
12588,20211202,36790
12969,20211203,37174
13350,20211206,37309
13731,20211207,37592
14112,20211208,38529
14493,20211209,38280
14874,20211210,38203
15255,20211213,38491
15636,20211214,37962
16017,20211215,37876
16398,20211216,38342
16779,20211217,38102
17160,20211220,37938
17541,20211221,37919
17922,20211222,38193
18303,20211223,38121
18684,20211224,38664
19065,20211227,38467
19446,20211228,38270
19827,20211229,38707
20208,20211230,38510
20910,20220104,38337
21291,20220105,38260
21672,20220106,37741
22053,20220107,37818
22434,20220110,37588
22815,20220111,37866
23196,20220112,38159
23577,20220113,38376
23958,20220114,37804
24339,20220117,37511
24720,20220118,37237
25101,20220119,36819
25482,20220120,36795
25863,20220121,36593
26244,20220124,36449
26625,20220125,35848
27006,20220126,35516
27387,20220127,34891
27768,20220128,34304
28149,20220203,35459
28530,20220204,35565
28911,20220207,35228
29292,20220208,35710
29673,20220209,35791
30054,20220210,36128
30435,20220211,35782
30816,20220214,35474
31197,20220215,35373
31578,20220216,35613
31959,20220217,35926
32340,20220218,35666
32721,20220221,35243
33102,20220222,35238
33483,20220223,35565
33864,20220224,35084
34245,20220225,34915
34626,20220228,34761
35007,20220302,35156
35388,20220303,35503
35769,20220304,35421
36150,20220307,34511
36531,20220308,33991
36912,20220310,34680
37293,20220311,34646
37674,20220314,34569
38055,20220315,34338
38436,20220316,34434
38817,20220317,35392
39198,20220318,35204
39579,20220321,35219
39960,20220322,35026
40341,20220323,35652
40722,20220324,35296
41103,20220325,35300
41484,20220328,35021
41865,20220329,35493
42246,20220330,35787
42627,20220331,35685
43008,20220401,35344
43389,20220404,35252
43770,20220405,35584
44151,20220406,35339
44532,20220407,34959
44913,20220408,34824
45294,20220411,34646
45675,20220412,34603
46056,20220413,34569
46437,20220414,34949
46818,20220415,34448
47199,20220418,34420
47580,20220419,34896
47961,20220420,34718
48342,20220421,35098
48723,20220422,34603
49104,20220425,34256
49485,20220426,34193
49866,20220427,33606
50247,20220428,33906
50628,20220429,34453
51009,20220502,34409
51390,20220503,34550
51771,20220504,34687
52152,20220506,34013
52533,20220509,34052
52914,20220510,33242
53295,20220511,33461
53676,20220512,33178
54057,20220513,33295
54438,20220516,33945
54819,20220517,33886
55200,20220518,34311
55581,20220519,33437
55962,20220520,33867
56343,20220523,34262
56724,20220524,34179
57105,20220525,33701
57486,20220526,34028
57867,20220527,34072
58248,20220530,34311
58629,20220531,34418
59010,20220602,34311
59391,20220603,34506
59772,20220607,34057
60153,20220608,33891
60534,20220609,33710
60915,20220610,33471
61296,20220613,32680
61677,20220614,31967
62058,20220615,31894
62439,20220616,32026
62820,20220617,31020
63201,20220620,30961
63581,20220621,30830
63962,20220622,30805
64343,20220623,30273
64724,20220624,30092
65105,20220627,30551
65486,20220628,31000
65867,20220629,30830
66248,20220630,30390
66629,20220701,30332
67010,20220704,29990
67391,20220705,30097
67772,20220706,29941
68153,20220707,29965
68534,20220708,30468
68915,20220711,30498
69296,20220712,29995
69677,20220713,30083
70058,20220714,29951
70439,20220715,29897
70820,20220718,30493
71201,20220719,30615
71582,20220720,31206
71963,20220721,31079
72344,20220722,31308
72725,20220725,31293
73106,20220726,31088
73487,20220727,31289
73868,20220728,31577
74249,20220729,31817
74630,20220801,31518
75011,20220802,31567
75392,20220803,31523
75773,20220804,31832
76154,20220805,32062
76535,20220808,31920
76916,20220809,32027
77297,20220810,31876
77678,20220811,32184
78059,20220812,32424
78440,20220816,32507
78821,20220817,32624
79202,20220818,31998
79583,20220819,32032
79964,20220822,31562
80345,20220823,31411
80726,20220824,31396
81107,20220825,31474
81488,20220826,31832
81869,20220829,30995
82250,20220830,31147
82631,20220831,30985
83012,20220901,31029
83393,20220902,30912
83774,20220905,30912
84155,20220906,30804
84536,20220907,30388
84917,20220908,30354
85298,20220913,30926
85679,20220914,30290
86060,20220915,30608
86441,20220916,30148
86822,20220919,30178
87203,20220920,30349
87584,20220921,29967
87965,20220922,29444
88346,20220923,29409
88727,20220926,28724
89108,20220927,28470
89489,20220928,28259
89870,20220929,28142
90251,20220930,27775
90632,20221004,28191
91013,20221005,28666
91394,20221006,28597
91775,20221007,28387
92156,20221011,27843
92537,20221012,27956
92918,20221013,28039
93299,20221014,28230
93680,20221017,28054
94061,20221018,28803
94442,20221019,28783
94823,20221020,28470
95204,20221021,28338
95585,20221024,28861
95966,20221025,28759
96347,20221026,28670
96728,20221027,29121
97109,20221028,29247
97490,20221031,29267
97871,20221101,29591
98252,20221102,29689
98633,20221103,29243
99014,20221104,29645
99395,20221107,30136
99776,20221108,30451
100157,20221109,30780
100538,20221110,30809
100919,20221111,31659
101300,20221114,31860
101681,20221115,31742
102062,20221116,31590
102824,20221118,31359
103205,20221121,31040
103586,20221122,30937
103967,20221123,30971
104348,20221124,31133
104729,20221125,31099
105110,20221128,30613
105491,20221129,30706
105872,20221130,30922
106253,20221201,31884
106634,20221202,31330
107015,20221205,30991
107396,20221206,30667
107777,20221207,30455
108158,20221208,30318
108539,20221209,30460
108920,20221212,30480
109300,20221213,30578
109681,20221214,30750
110062,20221215,30608
110443,20221216,29989
110824,20221219,30102
111205,20221220,29989
111586,20221221,29989
111967,20221222,29940
112348,20221223,29851
112729,20221226,29694
113110,20221227,29969
113491,20221228,29748
113872,20221229,29454
114574,20230103,28639
114955,20230104,28815
115336,20230105,29763
115717,20230106,29817
116098,20230109,30509
116479,20230110,30809
116860,20230111,31059
117241,20230112,30991
117622,20230113,31177
118003,20230116,31408
118384,20230117,31531
118765,20230118,31050
119146,20230119,31035
119527,20230120,31388
119908,20230125,31899
120289,20230126,32022
120670,20230127,32483
121051,20230130,32577
121432,20230131,32030
121813,20230201,31873
122194,20230202,32399
122575,20230203,32286
122956,20230206,32011
123337,20230207,31863
123718,20230208,32247
124099,20230209,32198
124480,20230210,32217
124861,20230213,32016
125242,20230214,32463
125623,20230215,32016
126004,20230216,31966
126385,20230217,32060
126766,20230220,31789
127147,20230221,31907
127528,20230222,31612
127909,20230223,31755
128290,20230224,31927
128671,20230227,31194
129052,20230228,31479
129433,20230302,31671
129814,20230303,31577
130195,20230306,31740
130576,20230307,31947
130957,20230308,31469
131338,20230309,31543
131719,20230310,30933
132100,20230313,31012
132481,20230314,30736
132862,20230315,30834
133243,20230316,30470
133624,20230317,31056
134005,20230320,31120
134386,20230321,30997
134767,20230322,31159
135148,20230323,31139
135529,20230324,31405
135910,20230327,31208
136291,20230328,31336
136672,20230329,31577
137053,20230330,31676
137434,20230331,31937
137815,20230403,32065
138196,20230404,32183
138577,20230405,32311
138958,20230406,32065
139339,20230407,32104
139720,20230410,32532
140101,20230411,32749
140482,20230412,33182
140863,20230413,33054
141244,20230414,33399
141625,20230417,33295
142006,20230418,33290
142387,20230419,33369
142768,20230420,33211
143149,20230421,33084
143530,20230424,32941
143911,20230425,32852
144292,20230426,32449
144673,20230427,32195
145054,20230428,32609
145435,20230502,32829
145816,20230503,32694
146197,20230504,32524
146578,20230508,32894
146958,20230509,32739
147339,20230510,32699
147720,20230511,32724
148101,20230512,32370
148482,20230515,32285
148863,20230516,32724
149244,20230517,32519
149625,20230518,32884
150006,20230519,33223
150387,20230522,33557
150768,20230523,33707
151149,20230524,33632
151530,20230525,33702
151911,20230526,33637
152292,20230530,33976
152673,20230531,34166
153054,20230601,33896
153435,20230602,34051
153816,20230605,34370
154197,20230607,34460
154578,20230608,34106
154959,20230609,34350
155340,20230612,34700
155721,20230613,34640
156102,20230614,34460
156483,20230615,34575
156864,20230616,34326
157245,20230619,34301
157626,20230620,34121
158007,20230621,34091
158388,20230622,33946
158769,20230623,34046
159150,20230626,33822
159531,20230627,33857
159912,20230628,33996
160293,20230629,34036
160674,20230630,33552
161055,20230703,34191
161436,20230704,34445
161817,20230705,34181
162198,20230706,33727
162579,20230707,33318
162960,20230710,33303
163341,20230711,33507
163722,20230712,33787
164103,20230713,34281
164484,20230714,34465
164865,20230717,34640
165246,20230718,34605
165627,20230719,34475
166008,20230720,34196
166389,20230721,33891
166770,20230724,34201
167151,20230725,34525
167532,20230726,34525
167913,20230727,34311
168294,20230728,34370
168675,20230731,34660
169056,20230801,34885
169437,20230802,34935
169818,20230803,34365
170199,20230804,34270
170580,20230807,34195
170961,20230808,34145
171342,20230809,34070
171723,20230810,34045
172104,20230811,34320
172485,20230814,33865
172866,20230816,33415
173247,20230817,32860
173628,20230818,32845
174009,20230821,33010
174390,20230822,33170
174771,20230823,32975
175152,20230824,33460
175533,20230825,33075
175914,20230828,33170
176295,20230829,33445
176676,20230830,33760
177057,20230831,33640
177438,20230901,33605
177819,20230904,33995
178200,20230905,34095
178581,20230906,34060
178962,20230907,33770
179343,20230908,33700
179723,20230911,33645
180104,20230912,33855
180484,20230913,33790
180865,20230914,33795
181246,20230915,34270
181627,20230918,34425
182008,20230919,34155
182389,20230920,33910
182770,20230921,33765
183151,20230922,33010
183532,20230925,33125
183913,20230926,33060
184294,20230927,32810
184675,20231004,32175
185056,20231005,32120
185437,20231006,32135
185818,20231010,32550
186199,20231011,32715
186580,20231012,32910
186961,20231013,32875
187342,20231016,32720
187723,20231017,32755
188104,20231018,32860
188485,20231019,32520
188866,20231020,32025
189247,20231023,31980
189628,20231024,31860
190009,20231025,32030
190390,20231026,31395
