,date,open
27,20211018,37488
408,20211019,37915
789,20211020,38159
1170,20211021,37891
1551,20211022,37708
1932,20211025,37651
2313,20211026,38126
2694,20211027,38068
3075,20211028,38049
3456,20211029,37881
3837,20211101,37578
4218,20211102,38073
4599,20211103,37737
4980,20211104,37958
5361,20211105,37607
5742,20211108,37222
6123,20211109,37568
6504,20211110,37328
6885,20211111,36891
7266,20211112,37419
7647,20211115,37842
8028,20211116,37765
8409,20211117,37664
9171,20211119,37371
9552,20211122,38034
9933,20211123,38159
10314,20211124,38126
10695,20211125,37794
11076,20211126,37477
11457,20211129,36823
11838,20211130,37006
12219,20211201,36247
12600,20211202,36968
12981,20211203,37237
13362,20211206,37290
13743,20211207,37669
14124,20211208,38419
14505,20211209,38289
14886,20211210,38135
15267,20211213,38520
15648,20211214,37958
16029,20211215,37885
16410,20211216,38140
16791,20211217,38126
17172,20211220,37943
17553,20211221,37756
17934,20211222,38111
18315,20211223,38102
18696,20211224,38621
19077,20211227,38534
19458,20211228,38275
19839,20211229,38707
20220,20211230,38501
20922,20220104,38366
21303,20220105,38034
21684,20220106,37737
22065,20220107,37861
22446,20220110,37515
22827,20220111,37770
23208,20220112,38217
23589,20220113,38361
23970,20220114,37842
24351,20220117,37515
24732,20220118,37275
25113,20220119,36900
25494,20220120,36823
25875,20220121,36650
26256,20220124,36348
26637,20220125,35670
27018,20220126,35502
27399,20220127,35021
27780,20220128,34030
28161,20220203,35459
28542,20220204,35652
28923,20220207,35093
29304,20220208,35560
29685,20220209,35763
30066,20220210,36225
30447,20220211,35743
30828,20220214,35397
31209,20220215,35267
31590,20220216,35580
31971,20220217,35926
32352,20220218,35666
32733,20220221,35247
33114,20220222,35291
33495,20220223,35556
33876,20220224,35026
34257,20220225,35060
34638,20220228,34689
35019,20220302,35142
35400,20220303,35556
35781,20220304,35247
36162,20220307,34405
36543,20220308,34160
36924,20220310,34776
37305,20220311,34622
37686,20220314,34607
38067,20220315,34376
38448,20220316,34396
38829,20220317,35450
39210,20220318,35252
39591,20220321,35166
39972,20220322,35089
40353,20220323,35690
40734,20220324,35219
41115,20220325,35286
41496,20220328,35065
41877,20220329,35406
42258,20220330,35705
42639,20220331,35738
43020,20220401,35296
43401,20220404,35411
43782,20220405,35507
44163,20220406,35339
44544,20220407,34906
44925,20220408,34800
45306,20220411,34790
45687,20220412,34569
46068,20220413,34511
46449,20220414,34877
46830,20220415,34444
47211,20220418,34482
47592,20220419,34906
47973,20220420,34723
48354,20220421,35055
48735,20220422,34569
49116,20220425,34227
49497,20220426,34242
49878,20220427,33635
50259,20220428,33779
50640,20220429,34545
51021,20220502,34394
51402,20220503,34526
51783,20220504,34658
52164,20220506,34052
52545,20220509,33998
52926,20220510,33120
53307,20220511,33505
53688,20220512,33173
54069,20220513,33403
54450,20220516,33886
54831,20220517,33896
55212,20220518,34257
55593,20220519,33378
55974,20220520,33837
56355,20220523,34360
56736,20220524,34096
57117,20220525,33652
57498,20220526,33989
57879,20220527,34052
58260,20220530,34365
58641,20220531,34340
59022,20220602,34379
59403,20220603,34521
59784,20220607,34062
60165,20220608,33803
60546,20220609,33691
60927,20220610,33452
61308,20220613,32646
61689,20220614,31962
62070,20220615,31835
62451,20220616,32089
62832,20220617,31083
63213,20220620,30957
63593,20220621,30942
63974,20220622,30849
64355,20220623,30146
64736,20220624,30224
65117,20220627,30659
65498,20220628,31059
65879,20220629,30820
66260,20220630,30424
66641,20220701,30244
67022,20220704,29941
67403,20220705,30151
67784,20220706,29931
68165,20220707,30053
68546,20220708,30449
68927,20220711,30546
69308,20220712,29946
69689,20220713,30029
70070,20220714,29907
70451,20220715,29707
70832,20220718,30605
71213,20220719,30664
71594,20220720,31249
71975,20220721,31108
72356,20220722,31425
72737,20220725,31328
73118,20220726,31162
73499,20220727,31289
73880,20220728,31597
74261,20220729,31876
74642,20220801,31690
75023,20220802,31553
75404,20220803,31538
75785,20220804,31890
76166,20220805,32101
76547,20220808,31920
76928,20220809,31969
77309,20220810,31856
77690,20220811,32228
78071,20220812,32326
78452,20220816,32478
78833,20220817,32615
79214,20220818,31983
79595,20220819,32057
79976,20220822,31572
80357,20220823,31465
80738,20220824,31381
81119,20220825,31474
81500,20220826,31890
81881,20220829,30995
82262,20220830,31137
82643,20220831,31034
83024,20220901,31058
83405,20220902,30887
83786,20220905,30789
84167,20220906,30848
84548,20220907,30280
84929,20220908,30339
85310,20220913,30970
85691,20220914,30315
86072,20220915,30584
86453,20220916,30236
86834,20220919,30222
87215,20220920,30334
87596,20220921,29899
87977,20220922,29444
88358,20220923,29365
88739,20220926,28661
89120,20220927,28372
89501,20220928,28279
89882,20220929,28220
90263,20220930,27687
90644,20221004,28274
91025,20221005,28577
91406,20221006,28695
91787,20221007,28470
92168,20221011,27770
92549,20221012,28059
92930,20221013,28103
93311,20221014,28264
93692,20221017,28093
94073,20221018,28734
94454,20221019,28842
94835,20221020,28343
95216,20221021,28347
95597,20221024,28793
95978,20221025,28847
96359,20221026,28714
96740,20221027,29214
97121,20221028,29184
97502,20221031,29213
97883,20221101,29640
98264,20221102,29709
98645,20221103,29243
99026,20221104,29586
99407,20221107,30166
99788,20221108,30436
100169,20221109,30878
100550,20221110,30892
100931,20221111,31600
101312,20221114,31899
101693,20221115,31649
102074,20221116,31472
102836,20221118,31418
103217,20221121,31040
103598,20221122,30946
103979,20221123,30937
104360,20221124,31099
104741,20221125,31113
105122,20221128,30657
105503,20221129,30691
105884,20221130,31015
106265,20221201,32007
106646,20221202,31359
107027,20221205,31055
107408,20221206,30755
107789,20221207,30455
108170,20221208,30328
108551,20221209,30431
108932,20221212,30480
109312,20221213,30509
109693,20221214,30676
110074,20221215,30608
110455,20221216,30013
110836,20221219,30146
111217,20221220,29935
111598,20221221,29905
111979,20221222,29955
112360,20221223,29866
112741,20221226,29675
113122,20221227,29896
113503,20221228,29729
113884,20221229,29444
114586,20230103,28619
114967,20230104,29095
115348,20230105,29753
115729,20230106,29670
116110,20230109,30642
116491,20230110,30799
116872,20230111,30951
117253,20230112,30961
117634,20230113,31325
118015,20230116,31374
118396,20230117,31428
118777,20230118,31133
119158,20230119,31055
119539,20230120,31315
119920,20230125,32037
120301,20230126,31983
120682,20230127,32528
121063,20230130,32591
121444,20230131,32094
121825,20230201,31853
122206,20230202,32449
122587,20230203,32271
122968,20230206,31956
123349,20230207,31794
123730,20230208,32203
124111,20230209,32227
124492,20230210,32173
124873,20230213,32040
125254,20230214,32355
125635,20230215,32020
126016,20230216,32006
126397,20230217,32104
126778,20230220,31740
127159,20230221,32045
127540,20230222,31592
127921,20230223,31740
128302,20230224,31922
128683,20230227,31164
129064,20230228,31548
129445,20230302,31750
129826,20230303,31592
130207,20230306,31760
130588,20230307,31952
130969,20230308,31459
131350,20230309,31514
131731,20230310,30928
132112,20230313,30913
132493,20230314,30692
132874,20230315,30785
133255,20230316,30377
133636,20230317,30952
134017,20230320,31184
134398,20230321,31046
134779,20230322,31164
135160,20230323,31154
135541,20230324,31415
135922,20230327,31110
136303,20230328,31356
136684,20230329,31518
137065,20230330,31676
137446,20230331,31956
137827,20230403,32089
138208,20230404,32232
138589,20230405,32286
138970,20230406,32035
139351,20230407,32119
139732,20230410,32424
140113,20230411,32700
140494,20230412,33079
140875,20230413,33054
141256,20230414,33325
141637,20230417,33256
142018,20230418,33246
142399,20230419,33344
142780,20230420,33241
143161,20230421,33005
143542,20230424,32926
143923,20230425,32847
144304,20230426,32454
144685,20230427,32130
145066,20230428,32604
145447,20230502,32794
145828,20230503,32714
146209,20230504,32529
146590,20230508,32889
146970,20230509,32749
147351,20230510,32689
147732,20230511,32739
148113,20230512,32290
148494,20230515,32295
148875,20230516,32679
149256,20230517,32564
149637,20230518,32864
150018,20230519,33233
150399,20230522,33642
150780,20230523,33737
151161,20230524,33657
151542,20230525,33657
151923,20230526,33637
152304,20230530,33996
152685,20230531,34136
153066,20230601,33936
153447,20230602,34051
153828,20230605,34360
154209,20230607,34470
154590,20230608,34111
154971,20230609,34395
155352,20230612,34635
155733,20230613,34560
156114,20230614,34570
156495,20230615,34590
156876,20230616,34340
157257,20230619,34296
157638,20230620,34116
158019,20230621,34086
158400,20230622,33966
158781,20230623,34016
159162,20230626,33852
159543,20230627,33891
159924,20230628,33931
160305,20230629,33991
160686,20230630,33592
161067,20230703,34241
161448,20230704,34365
161829,20230705,34156
162210,20230706,33737
162591,20230707,33313
162972,20230710,33148
163353,20230711,33517
163734,20230712,33742
164115,20230713,34291
164496,20230714,34450
164877,20230717,34670
165258,20230718,34560
165639,20230719,34515
166020,20230720,34251
166401,20230721,33827
166782,20230724,34311
167163,20230725,34495
167544,20230726,34345
167925,20230727,34276
168306,20230728,34370
168687,20230731,34760
169068,20230801,34980
169449,20230802,34980
169830,20230803,34455
170211,20230804,34180
170592,20230807,34195
170973,20230808,34160
171354,20230809,34135
171735,20230810,34075
172116,20230811,34275
172497,20230814,33950
172878,20230816,33390
173259,20230817,32735
173640,20230818,32875
174021,20230821,33080
174402,20230822,33100
174783,20230823,33025
175164,20230824,33355
175545,20230825,33075
175926,20230828,33235
176307,20230829,33450
176688,20230830,33770
177069,20230831,33600
177450,20230901,33725
177831,20230904,33995
178212,20230905,34100
178593,20230906,34090
178974,20230907,33765
179355,20230908,33635
179735,20230911,33715
180116,20230912,33860
180496,20230913,33765
180877,20230914,33825
181258,20230915,34270
181639,20230918,34350
182020,20230919,34225
182401,20230920,33955
182782,20230921,33735
183163,20230922,32970
183544,20230925,33265
183925,20230926,32935
184306,20230927,32650
184687,20231004,32165
185068,20231005,32060
185449,20231006,32145
185830,20231010,32630
186211,20231011,32675
186592,20231012,32970
186973,20231013,32775
187354,20231016,32650
187735,20231017,32775
188116,20231018,32920
188497,20231019,32530
188878,20231020,31975
189259,20231023,31820
189640,20231024,31835
190021,20231025,32115
190402,20231026,31360
