,date,open
5,20211018,37560
386,20211019,38015
767,20211020,38212
1148,20211021,37886
1529,20211022,37737
1910,20211025,37593
2291,20211026,38159
2672,20211027,38255
3053,20211028,38010
3434,20211029,38078
3815,20211101,37443
4196,20211102,37857
4577,20211103,37852
4958,20211104,37914
5339,20211105,37708
5720,20211108,37309
6101,20211109,37703
6482,20211110,37501
6863,20211111,36814
7244,20211112,37246
7625,20211115,37717
8006,20211116,37866
8387,20211117,37890
9149,20211119,37463
9530,20211122,37900
9911,20211123,38323
10292,20211124,38174
10673,20211125,37876
11054,20211126,37621
11435,20211129,36795
11816,20211130,37045
12197,20211201,36300
12578,20211202,36660
12959,20211203,37222
13340,20211206,37487
13721,20211207,37660
14102,20211208,38573
14483,20211209,38260
14864,20211210,38203
15245,20211213,38404
15626,20211214,37977
16007,20211215,37833
16388,20211216,38337
16769,20211217,37982
17150,20211220,37991
17531,20211221,37876
17912,20211222,38231
18293,20211223,38198
18674,20211224,38515
19055,20211227,38520
19436,20211228,38385
19817,20211229,38722
20198,20211230,38659
20900,20220104,38395
21281,20220105,38318
21662,20220106,37674
22043,20220107,37737
22424,20220110,37688
22805,20220111,37857
23186,20220112,38107
23567,20220113,38395
23948,20220114,37746
24329,20220117,37564
24710,20220118,37323
25091,20220119,36766
25472,20220120,36694
25853,20220121,36602
26234,20220124,36516
26615,20220125,35848
26996,20220126,35363
27377,20220127,35272
27758,20220128,34251
28139,20220203,35676
28520,20220204,35454
28901,20220207,35252
29282,20220208,35753
29663,20220209,35690
30044,20220210,36172
30425,20220211,35738
30806,20220214,35584
31187,20220215,35377
31568,20220216,35623
31949,20220217,35772
32330,20220218,35661
32711,20220221,35272
33092,20220222,35262
33473,20220223,35623
33854,20220224,35089
34235,20220225,34925
34616,20220228,34675
34997,20220302,35195
35378,20220303,35498
35759,20220304,35536
36140,20220307,34578
36521,20220308,33885
36902,20220310,34660
37283,20220311,34473
37664,20220314,34564
38045,20220315,34343
38426,20220316,34458
38807,20220317,35353
39188,20220318,35175
39569,20220321,35223
39950,20220322,35069
40331,20220323,35560
40712,20220324,35276
41093,20220325,35392
41474,20220328,34964
41855,20220329,35580
42236,20220330,35734
42617,20220331,35570
42998,20220401,35450
43379,20220404,35209
43760,20220405,35661
44141,20220406,35257
44522,20220407,34920
44903,20220408,34781
45284,20220411,34564
45665,20220412,34588
46046,20220413,34545
46427,20220414,34968
46808,20220415,34540
47189,20220418,34362
47570,20220419,34757
47951,20220420,34737
48332,20220421,34973
48713,20220422,34588
49094,20220425,34213
49475,20220426,34213
49856,20220427,33722
50237,20220428,33872
50618,20220429,34287
50999,20220502,34453
51380,20220503,34536
51761,20220504,34677
52142,20220506,34096
52523,20220509,33994
52904,20220510,33520
53285,20220511,33398
53666,20220512,33217
54047,20220513,33300
54428,20220516,34052
54809,20220517,33803
55190,20220518,34277
55571,20220519,33432
55952,20220520,33803
56333,20220523,34238
56714,20220524,34111
57095,20220525,33784
57476,20220526,33915
57857,20220527,34145
58238,20220530,34428
58619,20220531,34453
59000,20220602,34321
59381,20220603,34545
59762,20220607,34081
60143,20220608,33828
60524,20220609,33696
60905,20220610,33442
61286,20220613,32792
61667,20220614,31811
62048,20220615,32016
62429,20220616,31977
62810,20220617,30932
63191,20220620,31166
63952,20220622,30942
64333,20220623,30322
64714,20220624,30083
65095,20220627,30634
65476,20220628,31098
65857,20220629,30820
66238,20220630,30429
66619,20220701,30424
67000,20220704,29624
67381,20220705,30039
67762,20220706,30019
68143,20220707,29892
68524,20220708,30493
68905,20220711,30415
69286,20220712,30102
69667,20220713,30092
70048,20220714,29882
70429,20220715,30039
70810,20220718,30590
71191,20220719,30629
71572,20220720,31220
71953,20220721,31049
72334,20220722,31259
72715,20220725,31176
73096,20220726,31176
73477,20220727,31240
73858,20220728,31704
74239,20220729,31797
74620,20220801,31474
75001,20220802,31562
75382,20220803,31440
75763,20220804,31871
76144,20220805,32022
76525,20220808,31959
76906,20220809,32111
77287,20220810,31910
77668,20220811,32155
78049,20220812,32429
78430,20220816,32517
78811,20220817,32575
79192,20220818,32032
79573,20220819,32042
79954,20220822,31670
80335,20220823,31411
80716,20220824,31352
81097,20220825,31460
81478,20220826,31876
81859,20220829,31073
82240,20220830,31151
82621,20220831,31005
83002,20220901,31147
83383,20220902,30917
83764,20220905,30804
84145,20220906,30706
84526,20220907,30417
84907,20220908,30354
85288,20220913,30799
85669,20220914,30339
86050,20220915,30691
86431,20220916,30158
86812,20220919,30246
87193,20220920,30266
87574,20220921,29923
87955,20220922,29473
88336,20220923,29483
88717,20220926,28724
89098,20220927,28382
89479,20220928,28210
89860,20220929,28191
90241,20220930,27702
90622,20221004,28093
91003,20221005,28754
91384,20221006,28602
91765,20221007,28333
92146,20221011,27834
92527,20221012,27966
92908,20221013,28073
93289,20221014,28264
93670,20221017,28054
94051,20221018,28783
94432,20221019,28807
94813,20221020,28367
95194,20221021,28318
95575,20221024,28847
95956,20221025,28607
96337,20221026,28729
96718,20221027,29052
97099,20221028,29257
97480,20221031,29355
97861,20221101,29498
98242,20221102,29694
98623,20221103,29341
99004,20221104,29655
99385,20221107,30018
99766,20221108,30470
100147,20221109,30784
100528,20221110,30735
100909,20221111,31649
101290,20221114,31860
101671,20221115,31693
102052,20221116,31673
102814,20221118,31221
103195,20221121,31059
103576,20221122,30873
103957,20221123,30971
104338,20221124,31138
104719,20221125,31133
105100,20221128,30760
105481,20221129,30671
105862,20221130,30961
106243,20221201,31934
106624,20221202,31393
107005,20221205,30917
107386,20221206,30568
107767,20221207,30426
108148,20221208,30338
108529,20221209,30554
108910,20221212,30431
109290,20221213,30657
109671,20221214,30603
110052,20221215,30544
110433,20221216,29881
110814,20221219,30063
111195,20221220,29964
111576,20221221,29994
111957,20221222,29950
112338,20221223,29886
112719,20221226,29709
113100,20221227,29964
113481,20221228,29738
113862,20221229,29434
114564,20230103,28776
114945,20230104,28830
115326,20230105,29684
115707,20230106,29719
116088,20230109,30401
116469,20230110,30780
116850,20230111,31113
117231,20230112,31084
117612,20230113,31221
117993,20230116,31359
118374,20230117,31359
118755,20230118,31197
119136,20230119,31035
119517,20230120,31428
119898,20230125,31919
120279,20230126,31983
120660,20230127,32444
121041,20230130,32685
121422,20230131,32065
121803,20230201,31937
122184,20230202,32522
122565,20230203,32242
122946,20230206,32109
123327,20230207,31760
123708,20230208,32222
124089,20230209,32271
124470,20230210,32109
124851,20230213,32158
125232,20230214,32365
125613,20230215,32173
125994,20230216,31853
126375,20230217,31937
126756,20230220,31878
127137,20230221,31961
127518,20230222,31696
127899,20230223,31681
128280,20230224,31956
128661,20230227,31253
129042,20230228,31509
129423,20230302,31528
129804,20230303,31573
130185,20230306,31730
130566,20230307,31952
130947,20230308,31474
131328,20230309,31553
131709,20230310,30888
132090,20230313,31159
132471,20230314,30829
132852,20230315,30839
133233,20230316,30495
133614,20230317,31125
133995,20230320,31012
134376,20230321,31080
134757,20230322,31174
135138,20230323,31085
135519,20230324,31430
135900,20230327,31346
136281,20230328,31277
136662,20230329,31553
137043,20230330,31730
137424,20230331,31892
137805,20230403,32148
138186,20230404,32084
138567,20230405,32207
138948,20230406,32119
139329,20230407,32094
139710,20230410,32434
140091,20230411,32793
140472,20230412,33059
140853,20230413,33049
141234,20230414,33512
141615,20230417,33226
141996,20230418,33364
142377,20230419,33369
142758,20230420,33123
143139,20230421,33182
143520,20230424,32941
143901,20230425,32892
144282,20230426,32404
144663,20230427,32330
145044,20230428,32689
145425,20230502,32774
145806,20230503,32674
146187,20230504,32445
146568,20230508,32874
146948,20230509,32824
147329,20230510,32664
147710,20230511,32729
148091,20230512,32350
148472,20230515,32195
148853,20230516,32744
149234,20230517,32514
149615,20230518,32854
149996,20230519,33238
150377,20230522,33403
150758,20230523,33662
151139,20230524,33552
151520,20230525,33757
151901,20230526,33617
152282,20230530,34016
152663,20230531,34136
153044,20230601,33871
153425,20230602,34051
153806,20230605,34420
154187,20230607,34380
154568,20230608,34186
154949,20230609,34301
155330,20230612,34715
155711,20230613,34635
156092,20230614,34590
156473,20230615,34590
156854,20230616,34455
157235,20230619,34355
157616,20230620,34211
157997,20230621,34111
158378,20230622,33876
158759,20230623,34091
159140,20230626,33777
159521,20230627,33886
159902,20230628,34026
160283,20230629,33961
160664,20230630,33732
161045,20230703,34191
161426,20230704,34330
161807,20230705,34330
162188,20230706,33797
162569,20230707,33422
162950,20230710,33213
163331,20230711,33383
163712,20230712,33787
164093,20230713,34256
164474,20230714,34460
164855,20230717,34595
165236,20230718,34745
165617,20230719,34555
165998,20230720,34191
166379,20230721,33956
166760,20230724,34196
167141,20230725,34590
167522,20230726,34475
167903,20230727,34191
168284,20230728,34315
168665,20230731,34690
169046,20230801,34780
169427,20230802,34935
169808,20230803,34425
170189,20230804,34260
170570,20230807,34060
170951,20230808,34240
171332,20230809,34005
171713,20230810,34020
172094,20230811,34300
172475,20230814,33880
172856,20230816,33415
173237,20230817,32955
173618,20230818,32755
173999,20230821,33030
174380,20230822,33270
174761,20230823,32900
175142,20230824,33345
175523,20230825,33020
175904,20230828,33220
176285,20230829,33405
176666,20230830,33785
177047,20230831,33630
177428,20230901,33620
177809,20230904,33995
178190,20230905,34180
178571,20230906,34030
178952,20230907,33800
179333,20230908,33660
179713,20230911,33730
180094,20230912,33905
180474,20230913,33740
180855,20230914,33790
181236,20230915,34215
181617,20230918,34440
181998,20230919,34175
182379,20230920,33975
182760,20230921,33720
183141,20230922,33010
183522,20230925,33190
183903,20230926,33175
184284,20230927,32735
184665,20231004,32220
185046,20231005,32165
185427,20231006,32100
185808,20231010,32470
186189,20231011,32700
186570,20231012,32910
186951,20231013,32780
187332,20231016,32650
187713,20231017,32735
188094,20231018,32870
188475,20231019,32560
188856,20231020,32140
189237,20231023,31880
189618,20231024,31870
189999,20231025,32080
190380,20231026,31370
