,date,open
10,20211018,37507
391,20211019,37977
772,20211020,38154
1153,20211021,37943
1534,20211022,37694
1915,20211025,37517
2296,20211026,38188
2677,20211027,38221
3058,20211028,38039
3439,20211029,38015
3820,20211101,37482
4201,20211102,37934
4582,20211103,37804
4963,20211104,37885
5344,20211105,37655
5725,20211108,37242
6106,20211109,37804
6487,20211110,37357
6868,20211111,36881
7249,20211112,37304
7630,20211115,37712
8011,20211116,37847
8392,20211117,37828
9154,20211119,37568
9535,20211122,38020
9916,20211123,38227
10297,20211124,38294
10678,20211125,37828
11059,20211126,37616
11440,20211129,36790
11821,20211130,36968
12202,20211201,36194
12583,20211202,36775
12964,20211203,37174
13345,20211206,37496
13726,20211207,37712
14107,20211208,38592
14488,20211209,38222
14869,20211210,38126
15250,20211213,38534
15631,20211214,37972
16012,20211215,37842
16393,20211216,38347
16774,20211217,38068
17155,20211220,37929
17536,20211221,37842
17917,20211222,38203
18298,20211223,38179
18679,20211224,38621
19060,20211227,38496
19441,20211228,38294
19822,20211229,38770
20203,20211230,38573
20905,20220104,38337
21286,20220105,38270
21667,20220106,37679
22048,20220107,37732
22429,20220110,37588
22810,20220111,37881
23191,20220112,38169
23572,20220113,38380
23953,20220114,37804
24334,20220117,37544
24715,20220118,37304
25096,20220119,36819
25477,20220120,36718
25858,20220121,36578
26239,20220124,36497
26620,20220125,35776
27001,20220126,35492
27382,20220127,35219
27763,20220128,34256
28144,20220203,35440
28525,20220204,35522
28906,20220207,35243
29287,20220208,35719
29668,20220209,35787
30049,20220210,36148
30430,20220211,35844
30811,20220214,35604
31192,20220215,35344
31573,20220216,35633
31954,20220217,35859
32335,20220218,35695
32716,20220221,35175
33097,20220222,35329
33478,20220223,35536
33859,20220224,35098
34240,20220225,34901
34621,20220228,34800
35002,20220302,35233
35383,20220303,35512
35764,20220304,35416
36145,20220307,34578
36526,20220308,33982
36907,20220310,34641
37288,20220311,34588
37669,20220314,34540
38050,20220315,34415
38431,20220316,34487
38812,20220317,35339
39193,20220318,35199
39574,20220321,35199
39955,20220322,35021
40336,20220323,35623
40717,20220324,35310
41098,20220325,35339
41479,20220328,34964
41860,20220329,35551
42241,20220330,35772
42622,20220331,35628
43003,20220401,35373
43384,20220404,35233
43765,20220405,35633
44146,20220406,35276
44527,20220407,34930
44908,20220408,34819
45289,20220411,34530
45670,20220412,34636
46051,20220413,34569
46432,20220414,34988
46813,20220415,34468
47194,20220418,34400
47575,20220419,34829
47956,20220420,34660
48337,20220421,35098
48718,20220422,34598
49099,20220425,34266
49480,20220426,34193
49861,20220427,33635
50242,20220428,33867
50623,20220429,34340
51004,20220502,34492
51385,20220503,34589
51766,20220504,34672
52147,20220506,34028
52528,20220509,34052
52909,20220510,33408
53290,20220511,33456
53671,20220512,33207
54052,20220513,33330
54433,20220516,33974
54814,20220517,33828
55195,20220518,34311
55576,20220519,33442
55957,20220520,33813
56338,20220523,34204
56719,20220524,34150
57100,20220525,33730
57481,20220526,33974
57862,20220527,34062
58243,20220530,34340
58624,20220531,34409
59005,20220602,34306
59386,20220603,34497
59767,20220607,34072
60148,20220608,33881
60529,20220609,33710
60910,20220610,33496
61291,20220613,32753
61672,20220614,31953
62053,20220615,31977
62434,20220616,32006
62815,20220617,30991
63196,20220620,31069
63576,20220621,30869
63957,20220622,30864
64338,20220623,30351
64719,20220624,30141
65100,20220627,30678
65481,20220628,31059
65862,20220629,30839
66243,20220630,30405
66624,20220701,30346
67005,20220704,29917
67386,20220705,30029
67767,20220706,29990
68148,20220707,29951
68529,20220708,30454
68910,20220711,30395
69291,20220712,29990
69672,20220713,30122
70053,20220714,29960
70434,20220715,29990
70815,20220718,30527
71196,20220719,30610
71577,20220720,31240
71958,20220721,31083
72339,20220722,31249
72720,20220725,31313
73101,20220726,31113
73482,20220727,31259
73863,20220728,31685
74244,20220729,31836
74625,20220801,31562
75006,20220802,31558
75387,20220803,31494
75768,20220804,31841
76149,20220805,32057
76530,20220808,31910
76911,20220809,32047
77292,20220810,31890
77673,20220811,32169
78054,20220812,32385
78435,20220816,32522
78816,20220817,32600
79197,20220818,32027
79578,20220819,32057
79959,20220822,31577
80340,20220823,31416
80721,20220824,31342
81102,20220825,31504
81483,20220826,31895
81864,20220829,30951
82245,20220830,31176
82626,20220831,31029
83007,20220901,31117
83388,20220902,30926
83769,20220905,30838
84150,20220906,30775
84531,20220907,30403
84912,20220908,30320
85293,20220913,30887
85674,20220914,30310
86055,20220915,30623
86436,20220916,30168
86817,20220919,30222
87198,20220920,30280
87579,20220921,29943
87960,20220922,29473
88341,20220923,29400
88722,20220926,28768
89103,20220927,28387
89484,20220928,28215
89865,20220929,28210
90246,20220930,27746
90627,20221004,28137
91008,20221005,28710
91389,20221006,28548
91770,20221007,28387
92151,20221011,27799
92532,20221012,27951
92913,20221013,28078
93294,20221014,28235
93675,20221017,28127
94056,20221018,28798
94437,20221019,28832
94818,20221020,28392
95199,20221021,28299
95580,20221024,28856
95961,20221025,28700
96342,20221026,28651
96723,20221027,29062
97104,20221028,29247
97485,20221031,29301
97866,20221101,29537
98247,20221102,29675
98628,20221103,29282
99009,20221104,29621
99390,20221107,30161
99771,20221108,30475
100152,20221109,30755
100533,20221110,30770
100914,20221111,31688
101295,20221114,31860
101676,20221115,31678
102057,20221116,31639
102819,20221118,31310
103200,20221121,31104
103581,20221122,30863
103962,20221123,30912
104343,20221124,31123
104724,20221125,31094
105105,20221128,30632
105486,20221129,30676
105867,20221130,30912
106248,20221201,31899
106629,20221202,31374
107010,20221205,31045
107391,20221206,30657
107772,20221207,30392
108153,20221208,30318
108534,20221209,30470
108915,20221212,30505
109295,20221213,30598
109676,20221214,30711
110057,20221215,30568
110438,20221216,29974
110819,20221219,30033
111200,20221220,29974
111581,20221221,29994
111962,20221222,29945
112343,20221223,29901
112724,20221226,29675
113105,20221227,29940
113486,20221228,29689
113867,20221229,29444
114569,20230103,28707
114950,20230104,28717
115331,20230105,29778
115712,20230106,29851
116093,20230109,30470
116474,20230110,30824
116855,20230111,31069
117236,20230112,31045
117617,20230113,31182
117998,20230116,31388
118379,20230117,31467
118760,20230118,31128
119141,20230119,30956
119522,20230120,31433
119903,20230125,31889
120284,20230126,31992
120665,20230127,32488
121046,20230130,32680
121427,20230131,31942
121808,20230201,31932
122189,20230202,32434
122570,20230203,32247
122951,20230206,32080
123332,20230207,31784
123713,20230208,32193
124094,20230209,32212
124475,20230210,32158
124856,20230213,32050
125237,20230214,32434
125618,20230215,32134
125999,20230216,31976
126380,20230217,32006
126761,20230220,31814
127142,20230221,31897
127523,20230222,31602
127904,20230223,31710
128285,20230224,31917
128666,20230227,31164
129047,20230228,31533
129428,20230302,31637
129809,20230303,31563
130190,20230306,31760
130571,20230307,31912
130952,20230308,31469
131333,20230309,31543
131714,20230310,30933
132095,20230313,31061
132476,20230314,30756
132857,20230315,30810
133238,20230316,30475
133619,20230317,31075
134000,20230320,31016
134381,20230321,31007
134762,20230322,31169
135143,20230323,31110
135524,20230324,31381
135905,20230327,31253
136286,20230328,31351
136667,20230329,31582
137048,20230330,31666
137429,20230331,31952
137810,20230403,32065
138191,20230404,32124
138572,20230405,32286
138953,20230406,32094
139334,20230407,32084
139715,20230410,32577
140096,20230411,32793
140477,20230412,33133
140858,20230413,33088
141239,20230414,33438
141620,20230417,33285
142001,20230418,33295
142382,20230419,33428
142763,20230420,33157
143144,20230421,33143
143525,20230424,32936
143906,20230425,32901
144287,20230426,32394
144668,20230427,32230
145049,20230428,32594
145430,20230502,32834
145811,20230503,32699
146192,20230504,32460
146573,20230508,32859
146953,20230509,32774
147334,20230510,32664
147715,20230511,32739
148096,20230512,32375
148477,20230515,32290
148858,20230516,32704
149239,20230517,32489
149620,20230518,32884
150001,20230519,33213
150382,20230522,33467
150763,20230523,33697
151144,20230524,33597
151525,20230525,33727
151906,20230526,33652
152287,20230530,34011
152668,20230531,34136
153049,20230601,33896
153430,20230602,34031
153811,20230605,34355
154192,20230607,34400
154573,20230608,34146
154954,20230609,34286
155335,20230612,34755
155716,20230613,34645
156097,20230614,34530
156478,20230615,34595
156859,20230616,34335
157240,20230619,34340
157621,20230620,34171
158002,20230621,34086
158383,20230622,33847
158764,20230623,34106
159145,20230626,33792
159526,20230627,33837
159907,20230628,33986
160288,20230629,34011
160669,20230630,33642
161050,20230703,34146
161431,20230704,34405
161812,20230705,34286
162193,20230706,33742
162574,20230707,33462
162955,20230710,33293
163336,20230711,33472
163717,20230712,33812
164098,20230713,34261
164479,20230714,34425
164860,20230717,34630
165241,20230718,34650
165622,20230719,34475
166003,20230720,34161
166384,20230721,33916
166765,20230724,34181
167146,20230725,34520
167527,20230726,34520
167908,20230727,34261
168289,20230728,34365
168670,20230731,34735
169051,20230801,34900
169432,20230802,34890
169813,20230803,34425
170194,20230804,34235
170575,20230807,34170
170956,20230808,34185
171337,20230809,34025
171718,20230810,34045
172099,20230811,34300
172480,20230814,33925
172861,20230816,33360
173242,20230817,32900
173623,20230818,32790
174004,20230821,33010
174385,20230822,33185
174766,20230823,32950
175147,20230824,33395
175528,20230825,33035
175909,20230828,33210
176290,20230829,33375
176671,20230830,33790
177052,20230831,33670
177433,20230901,33640
177814,20230904,33985
178195,20230905,34090
178576,20230906,34065
178957,20230907,33800
179338,20230908,33670
179718,20230911,33670
180099,20230912,33885
180479,20230913,33805
180860,20230914,33785
181241,20230915,34270
181622,20230918,34470
182003,20230919,34165
182384,20230920,33975
182765,20230921,33720
183146,20230922,33085
183527,20230925,33200
183908,20230926,33145
184289,20230927,32770
184670,20231004,32230
185051,20231005,32170
185432,20231006,32120
185813,20231010,32520
186194,20231011,32735
186575,20231012,33025
186956,20231013,32810
187337,20231016,32720
187718,20231017,32785
188099,20231018,32895
188480,20231019,32530
188861,20231020,32065
189242,20231023,31925
189623,20231024,31850
190004,20231025,32085
190385,20231026,31415
