,date,open
24,20211018,37517
405,20211019,37958
786,20211020,38140
1167,20211021,37919
1548,20211022,37756
1929,20211025,37627
2310,20211026,38121
2691,20211027,38106
3072,20211028,38054
3453,20211029,37914
3834,20211101,37554
4215,20211102,38068
4596,20211103,37722
4977,20211104,37890
5358,20211105,37626
5739,20211108,37227
6120,20211109,37568
6501,20211110,37342
6882,20211111,36872
7263,20211112,37415
7644,20211115,37813
8025,20211116,37804
8406,20211117,37664
9168,20211119,37429
9549,20211122,38025
9930,20211123,38174
10311,20211124,38169
10692,20211125,37756
11073,20211126,37506
11454,20211129,36881
11835,20211130,36992
12216,20211201,36199
12597,20211202,37011
12978,20211203,37193
13359,20211206,37294
13740,20211207,37602
14121,20211208,38424
14502,20211209,38275
14883,20211210,38159
15264,20211213,38553
15645,20211214,38054
16026,20211215,37813
16407,20211216,38174
16788,20211217,38116
17169,20211220,37982
17550,20211221,37785
17931,20211222,38102
18312,20211223,38102
18693,20211224,38601
19074,20211227,38553
19455,20211228,38231
19836,20211229,38755
20217,20211230,38510
20919,20220104,38304
21300,20220105,38049
21681,20220106,37708
22062,20220107,37857
22443,20220110,37525
22824,20220111,37712
23205,20220112,38198
23586,20220113,38332
23967,20220114,37837
24348,20220117,37487
24729,20220118,37280
25110,20220119,36905
25491,20220120,36857
25872,20220121,36607
26253,20220124,36434
26634,20220125,35665
27015,20220126,35430
27396,20220127,34939
27777,20220128,34116
28158,20220203,35474
28539,20220204,35661
28920,20220207,35084
29301,20220208,35565
29682,20220209,35777
30063,20220210,36201
30444,20220211,35714
30825,20220214,35397
31206,20220215,35310
31587,20220216,35580
31968,20220217,35892
32349,20220218,35637
32730,20220221,35243
33111,20220222,35272
33492,20220223,35560
33873,20220224,35021
34254,20220225,35026
34635,20220228,34742
35016,20220302,35156
35397,20220303,35570
35778,20220304,35281
36159,20220307,34448
36540,20220308,34140
36921,20220310,34761
37302,20220311,34636
37683,20220314,34660
38064,20220315,34357
38445,20220316,34396
38826,20220317,35426
39207,20220318,35228
39588,20220321,35185
39969,20220322,35074
40350,20220323,35657
40731,20220324,35281
41112,20220325,35272
41493,20220328,35031
41874,20220329,35426
42255,20220330,35700
42636,20220331,35729
43017,20220401,35305
43398,20220404,35358
43779,20220405,35517
44160,20220406,35344
44541,20220407,34915
44922,20220408,34800
45303,20220411,34718
45684,20220412,34501
46065,20220413,34511
46446,20220414,34901
46827,20220415,34439
47208,20220418,34482
47589,20220419,34920
47970,20220420,34728
48351,20220421,35074
48732,20220422,34574
49113,20220425,34246
49494,20220426,34266
49875,20220427,33630
50256,20220428,33784
50637,20220429,34575
51018,20220502,34404
51399,20220503,34521
51780,20220504,34667
52161,20220506,34086
52542,20220509,33994
52923,20220510,33149
53304,20220511,33500
53685,20220512,33183
54066,20220513,33364
54447,20220516,33886
54828,20220517,33911
55209,20220518,34287
55590,20220519,33388
55971,20220520,33881
56352,20220523,34345
56733,20220524,34130
57114,20220525,33696
57495,20220526,34003
57876,20220527,34081
58257,20220530,34365
58638,20220531,34340
59019,20220602,34340
59400,20220603,34526
59781,20220607,34062
60162,20220608,33823
60543,20220609,33706
60924,20220610,33456
61305,20220613,32695
61686,20220614,31918
62067,20220615,31845
62448,20220616,32089
62829,20220617,31079
63210,20220620,30913
63590,20220621,30883
63971,20220622,30849
64352,20220623,30136
64733,20220624,30209
65114,20220627,30615
65495,20220628,31005
65876,20220629,30786
66257,20220630,30385
66638,20220701,30307
67019,20220704,29941
67400,20220705,30175
67781,20220706,29941
68162,20220707,30039
68543,20220708,30507
68924,20220711,30556
69305,20220712,29960
69686,20220713,30034
70067,20220714,29941
70448,20220715,29736
70829,20220718,30629
71210,20220719,30668
71591,20220720,31269
71972,20220721,31098
72353,20220722,31391
72734,20220725,31328
73115,20220726,31137
73496,20220727,31274
73877,20220728,31597
74258,20220729,31846
74639,20220801,31660
75020,20220802,31543
75401,20220803,31523
75782,20220804,31876
76163,20220805,32111
76544,20220808,31915
76925,20220809,32003
77306,20220810,31846
77687,20220811,32213
78068,20220812,32355
78449,20220816,32468
78830,20220817,32634
79211,20220818,32013
79592,20220819,32071
79973,20220822,31567
80354,20220823,31489
80735,20220824,31401
81116,20220825,31494
81497,20220826,31876
81878,20220829,30975
82259,20220830,31102
82640,20220831,31029
83021,20220901,31034
83402,20220902,30858
83783,20220905,30809
84164,20220906,30838
84545,20220907,30275
84926,20220908,30344
85307,20220913,30956
85688,20220914,30305
86069,20220915,30584
86450,20220916,30246
86831,20220919,30197
87212,20220920,30344
87593,20220921,29933
87974,20220922,29424
88355,20220923,29385
88736,20220926,28666
89117,20220927,28440
89498,20220928,28264
89879,20220929,28186
90260,20220930,27711
90641,20221004,28269
91022,20221005,28587
91403,20221006,28700
91784,20221007,28460
92165,20221011,27829
92546,20221012,28049
92927,20221013,28069
93308,20221014,28235
93689,20221017,28069
94070,20221018,28719
94451,20221019,28832
94832,20221020,28338
95213,20221021,28352
95594,20221024,28812
95975,20221025,28817
96356,20221026,28710
96737,20221027,29223
97118,20221028,29213
97499,20221031,29213
97880,20221101,29621
98261,20221102,29748
98642,20221103,29257
99023,20221104,29635
99404,20221107,30185
99785,20221108,30406
100166,20221109,30804
100547,20221110,30848
100928,20221111,31595
101309,20221114,31904
101690,20221115,31668
102071,20221116,31447
102833,20221118,31403
103214,20221121,30991
103595,20221122,30976
103976,20221123,30922
104357,20221124,31104
104738,20221125,31113
105119,20221128,30676
105500,20221129,30657
105881,20221130,30991
106262,20221201,31992
106643,20221202,31364
107024,20221205,31084
107405,20221206,30701
107786,20221207,30451
108167,20221208,30323
108548,20221209,30475
108929,20221212,30460
109309,20221213,30524
109690,20221214,30740
110071,20221215,30603
110452,20221216,30018
110833,20221219,30107
111214,20221220,29915
111595,20221221,29930
111976,20221222,29979
112357,20221223,29847
112738,20221226,29660
113119,20221227,29881
113500,20221228,29714
113881,20221229,29429
114583,20230103,28614
114964,20230104,29012
115345,20230105,29812
115726,20230106,29748
116107,20230109,30559
116488,20230110,30868
116869,20230111,30966
117250,20230112,30981
117631,20230113,31246
118012,20230116,31379
118393,20230117,31438
118774,20230118,31133
119155,20230119,31074
119536,20230120,31354
119917,20230125,32027
120298,20230126,31997
120679,20230127,32513
121060,20230130,32621
121441,20230131,32060
121822,20230201,31838
122203,20230202,32439
122584,20230203,32276
122965,20230206,31961
123346,20230207,31799
123727,20230208,32193
124108,20230209,32203
124489,20230210,32217
124870,20230213,32099
125251,20230214,32399
125632,20230215,32016
126013,20230216,31986
126394,20230217,32065
126775,20230220,31755
127156,20230221,31976
127537,20230222,31592
127918,20230223,31740
128299,20230224,31873
128680,20230227,31159
129061,20230228,31509
129442,20230302,31730
129823,20230303,31632
130204,20230306,31774
130585,20230307,31976
130966,20230308,31445
131347,20230309,31514
131728,20230310,30918
132109,20230313,30933
132490,20230314,30721
132871,20230315,30741
133252,20230316,30436
133633,20230317,30943
134014,20230320,31144
134395,20230321,31046
134776,20230322,31174
135157,20230323,31120
135538,20230324,31415
135919,20230327,31144
136300,20230328,31361
136681,20230329,31509
137062,20230330,31705
137443,20230331,31942
137824,20230403,32104
138205,20230404,32222
138586,20230405,32291
138967,20230406,32050
139348,20230407,32104
139729,20230410,32449
140110,20230411,32714
140491,20230412,33079
140872,20230413,33064
141253,20230414,33339
141634,20230417,33290
142015,20230418,33256
142396,20230419,33349
142777,20230420,33241
143158,20230421,32995
143539,20230424,32941
143920,20230425,32847
144301,20230426,32419
144682,20230427,32100
145063,20230428,32594
145444,20230502,32829
145825,20230503,32704
146206,20230504,32574
146587,20230508,32899
146967,20230509,32744
147348,20230510,32709
147729,20230511,32739
148110,20230512,32310
148491,20230515,32280
148872,20230516,32679
149253,20230517,32544
149634,20230518,32874
150015,20230519,33243
150396,20230522,33637
150777,20230523,33727
151158,20230524,33657
151539,20230525,33687
151920,20230526,33662
152301,20230530,33981
152682,20230531,34141
153063,20230601,33896
153444,20230602,34046
153825,20230605,34345
154206,20230607,34485
154587,20230608,34111
154968,20230609,34410
155349,20230612,34635
155730,20230613,34590
156111,20230614,34595
156492,20230615,34585
156873,20230616,34360
157254,20230619,34281
157635,20230620,34116
158016,20230621,34096
158397,20230622,33986
158778,20230623,34036
159159,20230626,33852
159540,20230627,33871
159921,20230628,33916
160302,20230629,34001
160683,20230630,33582
161064,20230703,34226
161445,20230704,34360
161826,20230705,34151
162207,20230706,33717
162588,20230707,33268
162969,20230710,33213
163350,20230711,33527
163731,20230712,33732
164112,20230713,34306
164493,20230714,34435
164874,20230717,34660
165255,20230718,34585
165636,20230719,34540
166017,20230720,34261
166398,20230721,33842
166779,20230724,34266
167160,20230725,34490
167541,20230726,34380
167922,20230727,34246
168303,20230728,34385
168684,20230731,34750
169065,20230801,34995
169446,20230802,34955
169827,20230803,34470
170208,20230804,34225
170589,20230807,34240
170970,20230808,34140
171351,20230809,34115
171732,20230810,34060
172113,20230811,34315
172494,20230814,33930
172875,20230816,33395
173256,20230817,32775
173637,20230818,32850
174018,20230821,33065
174399,20230822,33140
174780,20230823,33010
175161,20230824,33385
175542,20230825,33050
175923,20230828,33210
176304,20230829,33460
176685,20230830,33785
177066,20230831,33640
177447,20230901,33725
177828,20230904,34010
178209,20230905,34140
178590,20230906,34090
178971,20230907,33785
179352,20230908,33675
179732,20230911,33700
180113,20230912,33840
180493,20230913,33745
180874,20230914,33850
181255,20230915,34225
181636,20230918,34360
182017,20230919,34205
182398,20230920,33985
182779,20230921,33750
183160,20230922,33020
183541,20230925,33240
183922,20230926,32945
184303,20230927,32685
184684,20231004,32175
185065,20231005,32065
185446,20231006,32160
185827,20231010,32650
186208,20231011,32640
186589,20231012,32970
186970,20231013,32780
187351,20231016,32635
187732,20231017,32805
188113,20231018,32905
188494,20231019,32520
188875,20231020,31970
189256,20231023,31845
189637,20231024,31835
190018,20231025,32085
190399,20231026,31385
