,date,open
2,20211018,37593
383,20211019,37953
764,20211020,38236
1145,20211021,37809
1526,20211022,37756
1907,20211025,37612
2288,20211026,38241
2669,20211027,38274
3050,20211028,37934
3431,20211029,38034
3812,20211101,37506
4193,20211102,37789
4574,20211103,37958
4955,20211104,37823
5336,20211105,37799
5717,20211108,37386
6098,20211109,37621
6479,20211110,37415
6860,20211111,36799
7241,20211112,37261
7622,20211115,37765
8003,20211116,37789
8384,20211117,37890
9146,20211119,37328
9527,20211122,37813
9908,20211123,38275
10289,20211124,38227
10670,20211125,37876
11051,20211126,37559
11432,20211129,36723
11813,20211130,37102
12194,20211201,36266
12575,20211202,36689
12956,20211203,37213
13337,20211206,37506
13718,20211207,37751
14099,20211208,38539
14480,20211209,38304
14861,20211210,38188
15242,20211213,38404
15623,20211214,37924
16004,20211215,37761
16385,20211216,38337
16766,20211217,37986
17147,20211220,38034
17528,20211221,37909
17909,20211222,38179
18290,20211223,38255
18671,20211224,38472
19052,20211227,38491
19433,20211228,38371
19814,20211229,38645
20195,20211230,38606
20897,20220104,38318
21278,20220105,38318
21659,20220106,37621
22040,20220107,37660
22421,20220110,37828
22802,20220111,37799
23183,20220112,38078
23564,20220113,38409
23945,20220114,37799
24326,20220117,37588
24707,20220118,37395
25088,20220119,36804
25469,20220120,36732
25850,20220121,36631
26231,20220124,36506
26612,20220125,36021
26993,20220126,35454
27374,20220127,35257
27755,20220128,34309
28136,20220203,35479
28517,20220204,35406
28898,20220207,35334
29279,20220208,35734
29660,20220209,35734
30041,20220210,36196
30422,20220211,35811
30803,20220214,35541
31184,20220215,35426
31565,20220216,35604
31946,20220217,35811
32327,20220218,35657
32708,20220221,35310
33089,20220222,35262
33470,20220223,35695
33851,20220224,35079
34232,20220225,34867
34613,20220228,34732
34994,20220302,35151
35375,20220303,35435
35756,20220304,35551
36137,20220307,34516
36518,20220308,33895
36899,20220310,34680
37280,20220311,34463
37661,20220314,34535
38042,20220315,34314
38423,20220316,34482
38804,20220317,35344
39185,20220318,35079
39566,20220321,35339
39947,20220322,35031
40328,20220323,35517
40709,20220324,35247
41090,20220325,35454
41471,20220328,35021
41852,20220329,35469
42233,20220330,35763
42614,20220331,35546
42995,20220401,35450
43376,20220404,35228
43757,20220405,35734
44138,20220406,35339
44519,20220407,34920
44900,20220408,34790
45281,20220411,34559
45662,20220412,34554
46043,20220413,34559
46424,20220414,34949
46805,20220415,34574
47186,20220418,34290
47567,20220419,34646
47948,20220420,34785
48329,20220421,35021
48710,20220422,34588
49091,20220425,34227
49472,20220426,34217
49853,20220427,33702
50234,20220428,33935
50615,20220429,34174
50996,20220502,34448
51377,20220503,34560
51758,20220504,34687
52139,20220506,34121
52520,20220509,33935
52901,20220510,33520
53282,20220511,33364
53663,20220512,33198
54044,20220513,33212
54425,20220516,34072
54806,20220517,33832
55187,20220518,34218
55568,20220519,33339
55949,20220520,33808
56330,20220523,34257
56711,20220524,34155
57092,20220525,33862
57473,20220526,33857
57854,20220527,34096
58235,20220530,34477
58616,20220531,34472
58997,20220602,34365
59378,20220603,34506
59759,20220607,34111
60140,20220608,33862
60521,20220609,33774
60902,20220610,33413
61283,20220613,32807
61664,20220614,31738
62045,20220615,32089
62426,20220616,31899
62807,20220617,30917
63188,20220620,31337
63569,20220621,31005
63949,20220622,30947
64330,20220623,30332
64711,20220624,30073
65092,20220627,30786
65473,20220628,31059
65854,20220629,30878
66235,20220630,30380
66616,20220701,30327
66997,20220704,29814
67378,20220705,30048
67759,20220706,29965
68140,20220707,29931
68521,20220708,30512
68902,20220711,30517
69283,20220712,30092
69664,20220713,30087
70045,20220714,29834
70426,20220715,30126
70807,20220718,30585
71188,20220719,30634
71569,20220720,31220
71950,20220721,31044
72331,20220722,31289
72712,20220725,31127
73093,20220726,31142
73474,20220727,31269
73855,20220728,31719
74236,20220729,31758
74617,20220801,31538
74998,20220802,31592
75379,20220803,31430
75760,20220804,31910
76141,20220805,32101
76522,20220808,31929
76903,20220809,32091
77284,20220810,31920
77665,20220811,32125
78046,20220812,32345
78427,20220816,32590
78808,20220817,32551
79189,20220818,32037
79570,20220819,32184
79951,20220822,31641
80332,20220823,31499
80713,20220824,31347
81094,20220825,31455
81475,20220826,31861
81856,20220829,31009
82237,20220830,31137
82618,20220831,30985
82999,20220901,31156
83380,20220902,30828
83761,20220905,30745
84142,20220906,30696
84523,20220907,30368
84904,20220908,30408
85285,20220913,30794
85666,20220914,30315
86047,20220915,30608
86428,20220916,30129
86809,20220919,30310
87190,20220920,30241
87571,20220921,29864
87952,20220922,29493
88333,20220923,29527
88714,20220926,28773
89095,20220927,28475
89476,20220928,28230
89857,20220929,28181
90238,20220930,27750
90619,20221004,28127
91000,20221005,28803
91381,20221006,28509
91762,20221007,28352
92143,20221011,27927
92524,20221012,27956
92905,20221013,28059
93286,20221014,28230
93667,20221017,28034
94048,20221018,28856
94429,20221019,28822
94810,20221020,28387
95191,20221021,28250
95572,20221024,28871
95953,20221025,28607
96334,20221026,28685
96715,20221027,29052
97096,20221028,29228
97477,20221031,29346
97858,20221101,29493
98239,20221102,29689
98620,20221103,29351
99001,20221104,29626
99382,20221107,29969
99763,20221108,30451
100144,20221109,30770
100525,20221110,30711
100906,20221111,31698
101287,20221114,31845
101668,20221115,31708
102049,20221116,31722
102811,20221118,31226
103192,20221121,31163
103573,20221122,30804
103954,20221123,30917
104335,20221124,31148
104716,20221125,31172
105097,20221128,30750
105478,20221129,30627
105859,20221130,30902
106240,20221201,31914
106621,20221202,31482
107002,20221205,31020
107383,20221206,30588
107764,20221207,30421
108145,20221208,30342
108526,20221209,30490
108907,20221212,30426
109287,20221213,30608
109668,20221214,30622
110049,20221215,30549
110430,20221216,29876
110811,20221219,30092
111192,20221220,30053
111573,20221221,30013
111954,20221222,29940
112335,20221223,29905
112716,20221226,29699
113097,20221227,29901
113478,20221228,29788
113859,20221229,29405
114561,20230103,28928
114942,20230104,28830
115323,20230105,29748
115704,20230106,29650
116085,20230109,30357
116466,20230110,30780
116847,20230111,31084
117228,20230112,31153
117609,20230113,31285
117990,20230116,31384
118371,20230117,31408
118752,20230118,31256
119133,20230119,30976
119514,20230120,31388
119895,20230125,31899
120276,20230126,31948
120657,20230127,32375
121038,20230130,32675
121419,20230131,32173
121800,20230201,31927
122181,20230202,32414
122562,20230203,32207
122943,20230206,32134
123324,20230207,31833
123705,20230208,32178
124086,20230209,32267
124467,20230210,32070
124848,20230213,32025
125229,20230214,32316
125610,20230215,32252
125991,20230216,31833
126372,20230217,31902
126753,20230220,31814
127134,20230221,31961
127515,20230222,31696
127896,20230223,31666
128277,20230224,31858
128658,20230227,31267
129039,20230228,31464
129420,20230302,31533
129801,20230303,31686
130182,20230306,31779
130563,20230307,31907
130944,20230308,31499
131325,20230309,31548
131706,20230310,30879
132087,20230313,31100
132468,20230314,30884
132849,20230315,30790
133230,20230316,30436
133611,20230317,31090
133992,20230320,31026
134373,20230321,31061
134754,20230322,31154
135135,20230323,31071
135516,20230324,31386
135897,20230327,31312
136278,20230328,31287
136659,20230329,31489
137040,20230330,31720
137421,20230331,31902
137802,20230403,32153
138183,20230404,32025
138564,20230405,32168
138945,20230406,32168
139326,20230407,32075
139707,20230410,32262
140088,20230411,32808
140469,20230412,33020
140850,20230413,32985
141231,20230414,33467
141612,20230417,33236
141993,20230418,33300
142374,20230419,33379
142755,20230420,33143
143136,20230421,33192
143517,20230424,32941
143898,20230425,32921
144279,20230426,32414
144660,20230427,32380
145041,20230428,32694
145422,20230502,32684
145803,20230503,32624
146184,20230504,32529
146565,20230508,32859
146945,20230509,32819
147326,20230510,32709
147707,20230511,32734
148088,20230512,32405
148469,20230515,32205
148850,20230516,32689
149231,20230517,32539
149612,20230518,32829
149993,20230519,33213
150374,20230522,33358
150755,20230523,33702
151136,20230524,33527
151517,20230525,33727
151898,20230526,33592
152279,20230530,34001
152660,20230531,34096
153041,20230601,33832
153422,20230602,34036
153803,20230605,34415
154184,20230607,34410
154565,20230608,34166
154946,20230609,34296
155327,20230612,34725
155708,20230613,34655
156089,20230614,34595
156470,20230615,34560
156851,20230616,34445
157232,20230619,34370
157613,20230620,34201
157994,20230621,34121
158375,20230622,33891
158756,20230623,34076
159137,20230626,33757
159518,20230627,33956
159899,20230628,34066
160280,20230629,33931
160661,20230630,33802
161042,20230703,34106
161423,20230704,34350
161804,20230705,34271
162185,20230706,33827
162566,20230707,33457
162947,20230710,33288
163328,20230711,33393
163709,20230712,33782
164090,20230713,34251
164471,20230714,34495
164852,20230717,34580
165233,20230718,34775
165614,20230719,34585
165995,20230720,34206
166376,20230721,33936
166757,20230724,34221
167138,20230725,34645
167519,20230726,34570
167900,20230727,34266
168281,20230728,34405
168662,20230731,34685
169043,20230801,34750
169424,20230802,34930
169805,20230803,34450
170186,20230804,34255
170567,20230807,34000
170948,20230808,34225
171329,20230809,33920
171710,20230810,34040
172091,20230811,34275
172472,20230814,33920
172853,20230816,33410
173234,20230817,32945
173615,20230818,32655
173996,20230821,33035
174377,20230822,33240
174758,20230823,32875
175139,20230824,33395
175520,20230825,33010
175901,20230828,33255
176282,20230829,33425
176663,20230830,33805
177044,20230831,33615
177425,20230901,33535
177806,20230904,33995
178187,20230905,34100
178568,20230906,34050
178949,20230907,33790
179330,20230908,33655
179710,20230911,33755
180091,20230912,33935
180471,20230913,33695
180852,20230914,33795
181233,20230915,34200
181614,20230918,34395
181995,20230919,34235
182376,20230920,33960
182757,20230921,33740
183138,20230922,33040
183519,20230925,33170
183900,20230926,33200
184281,20230927,32665
184662,20231004,32235
185043,20231005,32190
185424,20231006,32185
185805,20231010,32490
186186,20231011,32640
186567,20231012,32935
186948,20231013,32730
187329,20231016,32670
187710,20231017,32750
188091,20231018,32860
188472,20231019,32635
188853,20231020,32190
189234,20231023,31930
189615,20231024,31905
189996,20231025,32050
190377,20231026,31345
