,date,open
9,20211018,37526
390,20211019,37948
771,20211020,38145
1152,20211021,37915
1533,20211022,37689
1914,20211025,37569
2295,20211026,38207
2676,20211027,38231
3057,20211028,38044
3438,20211029,38001
3819,20211101,37477
4200,20211102,37938
4581,20211103,37818
4962,20211104,37914
5343,20211105,37669
5724,20211108,37275
6105,20211109,37789
6486,20211110,37429
6867,20211111,36896
7248,20211112,37338
7629,20211115,37722
8010,20211116,37861
8391,20211117,37818
9153,20211119,37539
9534,20211122,38044
9915,20211123,38227
10296,20211124,38284
10677,20211125,37847
11058,20211126,37674
11439,20211129,36799
11820,20211130,36996
12201,20211201,36088
12582,20211202,36771
12963,20211203,37203
13344,20211206,37559
13725,20211207,37732
14106,20211208,38558
14487,20211209,38183
14868,20211210,38121
15249,20211213,38520
15630,20211214,37909
16011,20211215,37813
16392,20211216,38361
16773,20211217,38049
17154,20211220,37919
17535,20211221,37809
17916,20211222,38217
18297,20211223,38188
18678,20211224,38606
19059,20211227,38491
19440,20211228,38304
19821,20211229,38770
20202,20211230,38592
20904,20220104,38371
21285,20220105,38280
21666,20220106,37698
22047,20220107,37712
22428,20220110,37597
22809,20220111,37890
23190,20220112,38159
23571,20220113,38424
23952,20220114,37770
24333,20220117,37583
24714,20220118,37294
25095,20220119,36823
25476,20220120,36742
25857,20220121,36607
26238,20220124,36458
26619,20220125,35819
27000,20220126,35444
27381,20220127,35243
27762,20220128,34208
28143,20220203,35435
28524,20220204,35479
28905,20220207,35233
29286,20220208,35729
29667,20220209,35811
30048,20220210,36152
30429,20220211,35830
30810,20220214,35608
31191,20220215,35339
31572,20220216,35618
31953,20220217,35854
32334,20220218,35676
32715,20220221,35228
33096,20220222,35296
33477,20220223,35575
33858,20220224,35069
34239,20220225,34891
34620,20220228,34776
35001,20220302,35267
35382,20220303,35503
35763,20220304,35464
36144,20220307,34564
36525,20220308,33967
36906,20220310,34651
37287,20220311,34564
37668,20220314,34535
38049,20220315,34420
38430,20220316,34487
38811,20220317,35315
39192,20220318,35190
39573,20220321,35185
39954,20220322,35021
40335,20220323,35628
40716,20220324,35320
41097,20220325,35349
41478,20220328,34992
41859,20220329,35560
42240,20220330,35738
42621,20220331,35604
43002,20220401,35392
43383,20220404,35199
43764,20220405,35642
44145,20220406,35296
44526,20220407,34925
44907,20220408,34814
45288,20220411,34526
45669,20220412,34646
46050,20220413,34559
46431,20220414,34992
46812,20220415,34434
47193,20220418,34367
47574,20220419,34829
47955,20220420,34665
48336,20220421,35050
48717,20220422,34617
49098,20220425,34222
49479,20220426,34203
49860,20220427,33606
50241,20220428,33872
50622,20220429,34340
51003,20220502,34506
51384,20220503,34599
51765,20220504,34643
52146,20220506,34018
52527,20220509,34042
52908,20220510,33427
53289,20220511,33466
53670,20220512,33247
54051,20220513,33344
54432,20220516,34003
54813,20220517,33823
55194,20220518,34311
55575,20220519,33447
55956,20220520,33832
56337,20220523,34213
56718,20220524,34121
57099,20220525,33715
57480,20220526,33945
57861,20220527,34077
58242,20220530,34379
58623,20220531,34404
59004,20220602,34277
59385,20220603,34516
59766,20220607,34091
60147,20220608,33876
60528,20220609,33701
60909,20220610,33461
61290,20220613,32758
61671,20220614,31899
62052,20220615,31948
62433,20220616,32001
62814,20220617,30991
63195,20220620,31059
63575,20220621,30864
63956,20220622,30883
64337,20220623,30312
64718,20220624,30112
65099,20220627,30727
65480,20220628,31103
65861,20220629,30864
66242,20220630,30415
66623,20220701,30390
67004,20220704,29887
67385,20220705,30073
67766,20220706,29980
68147,20220707,29902
68528,20220708,30444
68909,20220711,30380
69290,20220712,30019
69671,20220713,30141
70052,20220714,29941
70433,20220715,29980
70814,20220718,30512
71195,20220719,30595
71576,20220720,31230
71957,20220721,31103
72338,20220722,31269
72719,20220725,31249
73100,20220726,31108
73481,20220727,31245
73862,20220728,31690
74243,20220729,31807
74624,20220801,31548
75005,20220802,31572
75386,20220803,31523
75767,20220804,31836
76148,20220805,32042
76529,20220808,31929
76910,20220809,32052
77291,20220810,31885
77672,20220811,32155
78053,20220812,32438
78434,20220816,32512
78815,20220817,32590
79196,20220818,32027
79577,20220819,32037
79958,20220822,31587
80339,20220823,31406
80720,20220824,31352
81101,20220825,31514
81482,20220826,31890
81863,20220829,30961
82244,20220830,31191
82625,20220831,31019
83006,20220901,31122
83387,20220902,30946
83768,20220905,30838
84149,20220906,30755
84530,20220907,30432
84911,20220908,30339
85292,20220913,30858
85673,20220914,30315
86054,20220915,30633
86435,20220916,30173
86816,20220919,30222
87197,20220920,30295
87578,20220921,29933
87959,20220922,29468
88340,20220923,29419
88721,20220926,28783
89102,20220927,28367
89483,20220928,28220
89864,20220929,28196
90245,20220930,27736
90626,20221004,28137
91007,20221005,28695
91388,20221006,28533
91769,20221007,28401
92150,20221011,27804
92531,20221012,27985
92912,20221013,28059
93293,20221014,28264
93674,20221017,28117
94055,20221018,28793
94436,20221019,28847
94817,20221020,28392
95198,20221021,28303
95579,20221024,28871
95960,20221025,28680
96341,20221026,28666
96722,20221027,29057
97103,20221028,29252
97484,20221031,29316
97865,20221101,29547
98246,20221102,29670
98627,20221103,29282
99008,20221104,29670
99389,20221107,30131
99770,20221108,30505
100151,20221109,30760
100532,20221110,30765
100913,20221111,31678
101294,20221114,31850
101675,20221115,31713
102056,20221116,31673
102818,20221118,31275
103199,20221121,31123
103580,20221122,30858
103961,20221123,30917
104342,20221124,31123
104723,20221125,31109
105104,20221128,30657
105485,20221129,30667
105866,20221130,30937
106247,20221201,31894
106628,20221202,31379
107009,20221205,31035
107390,20221206,30627
107771,20221207,30416
108152,20221208,30323
108533,20221209,30465
108914,20221212,30475
109294,20221213,30608
109675,20221214,30686
110056,20221215,30573
110437,20221216,29940
110818,20221219,30048
111199,20221220,29974
111580,20221221,29994
111961,20221222,29964
112342,20221223,29915
112723,20221226,29655
113104,20221227,29964
113485,20221228,29680
113866,20221229,29444
114568,20230103,28717
114949,20230104,28776
115330,20230105,29743
115711,20230106,29807
116092,20230109,30475
116473,20230110,30804
116854,20230111,31109
117235,20230112,31059
117616,20230113,31187
117997,20230116,31359
118378,20230117,31467
118759,20230118,31143
119140,20230119,30976
119521,20230120,31442
119902,20230125,31889
120283,20230126,32002
120664,20230127,32498
121045,20230130,32675
121426,20230131,31971
121807,20230201,31942
122188,20230202,32468
122569,20230203,32276
122950,20230206,32099
123331,20230207,31765
123712,20230208,32178
124093,20230209,32217
124474,20230210,32134
124855,20230213,32080
125236,20230214,32434
125617,20230215,32148
125998,20230216,31952
126379,20230217,31986
126760,20230220,31819
127141,20230221,31922
127522,20230222,31617
127903,20230223,31740
128284,20230224,31888
128665,20230227,31213
129046,20230228,31518
129427,20230302,31632
129808,20230303,31543
130189,20230306,31789
130570,20230307,31927
130951,20230308,31484
131332,20230309,31543
131713,20230310,30918
132094,20230313,31075
132475,20230314,30770
132856,20230315,30834
133237,20230316,30470
133618,20230317,31075
133999,20230320,31031
134380,20230321,31046
134761,20230322,31169
135142,20230323,31090
135523,20230324,31420
135904,20230327,31307
136285,20230328,31346
136666,20230329,31553
137047,20230330,31666
137428,20230331,31932
137809,20230403,32075
138190,20230404,32134
138571,20230405,32267
138952,20230406,32114
139333,20230407,32050
139714,20230410,32557
140095,20230411,32773
140476,20230412,33133
140857,20230413,33074
141238,20230414,33428
141619,20230417,33266
142000,20230418,33290
142381,20230419,33438
142762,20230420,33138
143143,20230421,33192
143524,20230424,32956
143905,20230425,32897
144286,20230426,32355
144667,20230427,32260
145048,20230428,32589
145429,20230502,32799
145810,20230503,32679
146191,20230504,32460
146572,20230508,32814
146952,20230509,32809
147333,20230510,32659
147714,20230511,32724
148095,20230512,32370
148476,20230515,32275
148857,20230516,32704
149238,20230517,32465
149619,20230518,32874
150000,20230519,33218
150381,20230522,33452
150762,20230523,33677
151143,20230524,33617
151524,20230525,33747
151905,20230526,33642
152286,20230530,34031
152667,20230531,34146
153048,20230601,33906
153429,20230602,34036
153810,20230605,34345
154191,20230607,34410
154572,20230608,34146
154953,20230609,34281
155334,20230612,34780
155715,20230613,34645
156096,20230614,34515
156477,20230615,34605
156858,20230616,34390
157239,20230619,34365
157620,20230620,34186
158001,20230621,34091
158382,20230622,33852
158763,20230623,34141
159144,20230626,33767
159525,20230627,33852
159906,20230628,33986
160287,20230629,33981
160668,20230630,33682
161049,20230703,34151
161430,20230704,34425
161811,20230705,34316
162192,20230706,33737
162573,20230707,33422
162954,20230710,33248
163335,20230711,33457
163716,20230712,33802
164097,20230713,34281
164478,20230714,34405
164859,20230717,34635
165240,20230718,34665
165621,20230719,34500
166002,20230720,34166
166383,20230721,33911
166764,20230724,34196
167145,20230725,34555
167526,20230726,34510
167907,20230727,34226
168288,20230728,34340
168669,20230731,34725
169050,20230801,34885
169431,20230802,34900
169812,20230803,34400
170193,20230804,34165
170574,20230807,34145
170955,20230808,34200
171336,20230809,34025
171717,20230810,34040
172098,20230811,34320
172479,20230814,33910
172860,20230816,33365
173241,20230817,32875
173622,20230818,32780
174003,20230821,33050
174384,20230822,33185
174765,20230823,32945
175146,20230824,33405
175527,20230825,33055
175908,20230828,33175
176289,20230829,33360
176670,20230830,33780
177051,20230831,33665
177432,20230901,33640
177813,20230904,33990
178194,20230905,34110
178575,20230906,34060
178956,20230907,33815
179337,20230908,33680
179717,20230911,33685
180098,20230912,33880
180478,20230913,33815
180859,20230914,33795
181240,20230915,34255
181621,20230918,34465
182002,20230919,34145
182383,20230920,33975
182764,20230921,33730
183145,20230922,33075
183526,20230925,33205
183907,20230926,33170
184288,20230927,32775
184669,20231004,32230
185050,20231005,32200
185431,20231006,32120
185812,20231010,32510
186193,20231011,32750
186574,20231012,32990
186955,20231013,32820
187336,20231016,32680
187717,20231017,32785
188098,20231018,32895
188479,20231019,32545
188860,20231020,32075
189241,20231023,31905
189622,20231024,31880
190003,20231025,32085
190384,20231026,31415
