,date,open
7,20211018,37545
388,20211019,37967
769,20211020,38150
1150,20211021,37939
1531,20211022,37728
1912,20211025,37588
2293,20211026,38150
2674,20211027,38236
3055,20211028,38015
3436,20211029,38015
3817,20211101,37525
4198,20211102,37881
4579,20211103,37847
4960,20211104,37876
5341,20211105,37693
5722,20211108,37294
6103,20211109,37727
6484,20211110,37487
6865,20211111,36838
7246,20211112,37342
7627,20211115,37712
8008,20211116,37861
8389,20211117,37833
9151,20211119,37525
9532,20211122,37972
9913,20211123,38241
10294,20211124,38231
10675,20211125,37861
11056,20211126,37679
11437,20211129,36828
11818,20211130,37021
12199,20211201,36141
12580,20211202,36742
12961,20211203,37251
13342,20211206,37588
13723,20211207,37717
14104,20211208,38553
14485,20211209,38217
14866,20211210,38174
15247,20211213,38472
15628,20211214,37948
16009,20211215,37828
16390,20211216,38376
16771,20211217,37996
17152,20211220,37953
17533,20211221,37804
17914,20211222,38217
18295,20211223,38174
18676,20211224,38573
19057,20211227,38496
19438,20211228,38366
19819,20211229,38798
20200,20211230,38616
20902,20220104,38376
21283,20220105,38304
21664,20220106,37688
22045,20220107,37693
22426,20220110,37660
22807,20220111,37900
23188,20220112,38145
23569,20220113,38467
23950,20220114,37765
24331,20220117,37511
24712,20220118,37376
25093,20220119,36819
25474,20220120,36751
25855,20220121,36602
26236,20220124,36482
26617,20220125,35867
26998,20220126,35411
27379,20220127,35267
27760,20220128,34203
28141,20220203,35479
28522,20220204,35426
28903,20220207,35199
29284,20220208,35724
29665,20220209,35758
30046,20220210,36186
30427,20220211,35743
30808,20220214,35613
31189,20220215,35329
31570,20220216,35589
31951,20220217,35791
32332,20220218,35729
32713,20220221,35199
33094,20220222,35276
33475,20220223,35604
33856,20220224,35118
34237,20220225,34906
34618,20220228,34713
34999,20220302,35233
35380,20220303,35498
35761,20220304,35507
36142,20220307,34598
36523,20220308,33967
36904,20220310,34622
37285,20220311,34550
37666,20220314,34521
38047,20220315,34391
38428,20220316,34492
38809,20220317,35349
39190,20220318,35190
39571,20220321,35233
39952,20220322,35031
40333,20220323,35623
40714,20220324,35291
41095,20220325,35363
41476,20220328,34978
41857,20220329,35565
42238,20220330,35719
42619,20220331,35608
43000,20220401,35416
43381,20220404,35219
43762,20220405,35661
44143,20220406,35300
44524,20220407,34906
44905,20220408,34809
45286,20220411,34574
45667,20220412,34607
46048,20220413,34550
46429,20220414,34964
46810,20220415,34497
47191,20220418,34367
47572,20220419,34824
47953,20220420,34713
48334,20220421,35016
48715,20220422,34598
49096,20220425,34256
49477,20220426,34227
49858,20220427,33654
50239,20220428,33847
50620,20220429,34301
51001,20220502,34501
51382,20220503,34575
51763,20220504,34692
52144,20220506,34038
52525,20220509,34072
52906,20220510,33496
53287,20220511,33437
53668,20220512,33266
54049,20220513,33364
54430,20220516,34062
54811,20220517,33793
55192,20220518,34296
55573,20220519,33403
55954,20220520,33803
56335,20220523,34169
56716,20220524,34125
57097,20220525,33764
57478,20220526,33920
57859,20220527,34121
58240,20220530,34384
58621,20220531,34433
59002,20220602,34306
59383,20220603,34521
59764,20220607,34081
60145,20220608,33852
60526,20220609,33720
60907,20220610,33476
61288,20220613,32783
61669,20220614,31826
62050,20220615,31923
62431,20220616,31992
62812,20220617,30976
63193,20220620,31054
63573,20220621,30883
63954,20220622,30922
64335,20220623,30244
64716,20220624,30000
65097,20220627,30693
65478,20220628,31137
65859,20220629,30864
66240,20220630,30458
66621,20220701,30410
67002,20220704,29760
67383,20220705,30019
67764,20220706,30000
68145,20220707,29843
68526,20220708,30483
68907,20220711,30346
69288,20220712,30092
69669,20220713,30117
70050,20220714,29912
70431,20220715,30029
70812,20220718,30566
71193,20220719,30576
71574,20220720,31210
71955,20220721,31108
72336,20220722,31230
72717,20220725,31220
73098,20220726,31127
73479,20220727,31249
73860,20220728,31768
74241,20220729,31768
74622,20220801,31538
75003,20220802,31528
75384,20220803,31523
75765,20220804,31836
76146,20220805,32047
76527,20220808,31954
76908,20220809,32086
77289,20220810,31905
77670,20220811,32164
78051,20220812,32443
78432,20220816,32507
78813,20220817,32629
79194,20220818,32022
79575,20220819,32047
79956,20220822,31631
80337,20220823,31406
80718,20220824,31377
81099,20220825,31484
81480,20220826,31885
81861,20220829,30995
82242,20220830,31186
82623,20220831,31019
83004,20220901,31127
83385,20220902,30917
83766,20220905,30794
84147,20220906,30765
84528,20220907,30403
84909,20220908,30359
85290,20220913,30824
85671,20220914,30295
86052,20220915,30652
86433,20220916,30153
86814,20220919,30266
87195,20220920,30295
87576,20220921,29908
87957,20220922,29478
88338,20220923,29449
88719,20220926,28705
89100,20220927,28362
89481,20220928,28225
89862,20220929,28210
90243,20220930,27731
90624,20221004,28152
91005,20221005,28685
91386,20221006,28548
91767,20221007,28357
92148,20221011,27799
92529,20221012,27980
92910,20221013,28073
93291,20221014,28303
93672,20221017,28083
94053,20221018,28778
94434,20221019,28847
94815,20221020,28382
95196,20221021,28259
95577,20221024,28847
95958,20221025,28646
96339,20221026,28714
96720,20221027,29028
97101,20221028,29272
97482,20221031,29331
97863,20221101,29493
98244,20221102,29694
98625,20221103,29316
99006,20221104,29689
99387,20221107,30092
99768,20221108,30524
100149,20221109,30770
100530,20221110,30740
100911,20221111,31609
101292,20221114,31825
101673,20221115,31703
102054,20221116,31654
102816,20221118,31251
103197,20221121,31064
103578,20221122,30838
103959,20221123,30951
104340,20221124,31143
104721,20221125,31118
105102,20221128,30735
105483,20221129,30647
105864,20221130,30942
106245,20221201,31870
106626,20221202,31408
107007,20221205,30991
107388,20221206,30583
107769,20221207,30362
108150,20221208,30323
108531,20221209,30500
108912,20221212,30451
109292,20221213,30617
109673,20221214,30667
110054,20221215,30554
110435,20221216,29910
110816,20221219,30058
111197,20221220,29955
111578,20221221,29999
111959,20221222,29974
112340,20221223,29886
112721,20221226,29709
113102,20221227,29984
113483,20221228,29694
113864,20221229,29419
114566,20230103,28722
114947,20230104,28756
115328,20230105,29704
115709,20230106,29763
116090,20230109,30446
116471,20230110,30804
116852,20230111,31113
117233,20230112,31059
117614,20230113,31197
117995,20230116,31379
118376,20230117,31398
118757,20230118,31148
119138,20230119,30986
119519,20230120,31379
119900,20230125,31909
120281,20230126,31988
120662,20230127,32488
121043,20230130,32729
121424,20230131,32011
121805,20230201,31917
122186,20230202,32508
122567,20230203,32262
122948,20230206,32119
123329,20230207,31755
123710,20230208,32203
124091,20230209,32257
124472,20230210,32124
124853,20230213,32109
125234,20230214,32404
125615,20230215,32198
125996,20230216,31912
126377,20230217,31966
126758,20230220,31858
127139,20230221,31956
127520,20230222,31666
127901,20230223,31740
128282,20230224,31892
128663,20230227,31189
129044,20230228,31509
129425,20230302,31592
129806,20230303,31592
130187,20230306,31779
130568,20230307,31922
130949,20230308,31479
131330,20230309,31533
131711,20230310,30918
132092,20230313,31090
132473,20230314,30800
132854,20230315,30864
133235,20230316,30485
133616,20230317,31071
133997,20230320,31016
134378,20230321,31056
134759,20230322,31174
135140,20230323,31061
135521,20230324,31415
135902,20230327,31312
136283,20230328,31307
136664,20230329,31558
137045,20230330,31696
137426,20230331,31917
137807,20230403,32094
138188,20230404,32070
138569,20230405,32242
138950,20230406,32114
139331,20230407,32045
139712,20230410,32518
140093,20230411,32759
140474,20230412,33113
140855,20230413,33103
141236,20230414,33467
141617,20230417,33246
141998,20230418,33335
142379,20230419,33403
142760,20230420,33167
143141,20230421,33172
143522,20230424,32901
143903,20230425,32897
144284,20230426,32365
144665,20230427,32285
145046,20230428,32629
145427,20230502,32774
145808,20230503,32684
146189,20230504,32455
146570,20230508,32829
146950,20230509,32839
147331,20230510,32674
147712,20230511,32709
148093,20230512,32380
148474,20230515,32255
148855,20230516,32714
149236,20230517,32480
149617,20230518,32834
149998,20230519,33228
150379,20230522,33417
150760,20230523,33672
151141,20230524,33547
151522,20230525,33767
151903,20230526,33662
152284,20230530,34001
152665,20230531,34121
153046,20230601,33886
153427,20230602,34041
153808,20230605,34360
154189,20230607,34410
154570,20230608,34171
154951,20230609,34271
155332,20230612,34735
155713,20230613,34640
156094,20230614,34550
156475,20230615,34600
156856,20230616,34420
157237,20230619,34365
157618,20230620,34216
157999,20230621,34101
158380,20230622,33876
158761,20230623,34126
159142,20230626,33732
159523,20230627,33876
159904,20230628,34011
160285,20230629,33956
160666,20230630,33682
161047,20230703,34166
161428,20230704,34345
161809,20230705,34316
162190,20230706,33767
162571,20230707,33442
162952,20230710,33153
163333,20230711,33417
163714,20230712,33767
164095,20230713,34256
164476,20230714,34400
164857,20230717,34605
165238,20230718,34710
165619,20230719,34515
166000,20230720,34151
166381,20230721,33946
166762,20230724,34171
167143,20230725,34570
167524,20230726,34480
167905,20230727,34281
168286,20230728,34375
168667,20230731,34725
169048,20230801,34860
169429,20230802,34925
169810,20230803,34425
170191,20230804,34220
170572,20230807,34095
170953,20230808,34245
171334,20230809,33990
171715,20230810,34020
172096,20230811,34325
172477,20230814,33850
172858,20230816,33385
173239,20230817,32920
173620,20230818,32800
174001,20230821,33050
174382,20230822,33250
174763,20230823,32915
175144,20230824,33360
175525,20230825,33030
175906,20230828,33195
176287,20230829,33360
176668,20230830,33790
177049,20230831,33660
177430,20230901,33630
177811,20230904,34030
178192,20230905,34170
178573,20230906,34030
178954,20230907,33815
179335,20230908,33695
179715,20230911,33715
180096,20230912,33870
180476,20230913,33775
180857,20230914,33785
181238,20230915,34250
181619,20230918,34465
182000,20230919,34140
182381,20230920,33920
182762,20230921,33730
183143,20230922,33040
183524,20230925,33180
183905,20230926,33165
184286,20230927,32740
184667,20231004,32245
185048,20231005,32220
185429,20231006,32090
185810,20231010,32490
186191,20231011,32760
186572,20231012,32930
186953,20231013,32785
187334,20231016,32670
187715,20231017,32810
188096,20231018,32890
188477,20231019,32550
188858,20231020,32105
189239,20231023,31880
189620,20231024,31835
190001,20231025,32005
190382,20231026,31375
