,date,open
1,20211018,37641
382,20211019,37915
763,20211020,38212
1144,20211021,37766
1525,20211022,37752
1906,20211025,37641
2287,20211026,38221
2668,20211027,38241
3049,20211028,37953
3430,20211029,37986
3811,20211101,37549
4192,20211102,37746
4573,20211103,38020
4954,20211104,37833
5335,20211105,37876
5716,20211108,37395
6097,20211109,37487
6478,20211110,37439
6859,20211111,36862
7240,20211112,37309
7621,20211115,37751
8002,20211116,37799
8383,20211117,37919
9145,20211119,37280
9526,20211122,37717
9907,20211123,38342
10288,20211124,38236
10669,20211125,37929
11050,20211126,37564
11431,20211129,36660
11812,20211130,37073
12193,20211201,36170
12574,20211202,36559
12955,20211203,37270
13336,20211206,37467
13717,20211207,37775
14098,20211208,38505
14479,20211209,38328
14860,20211210,38188
15241,20211213,38414
15622,20211214,37962
16003,20211215,37785
16384,20211216,38342
16765,20211217,37924
17146,20211220,38044
17527,20211221,37953
17908,20211222,38107
18289,20211223,38270
18670,20211224,38491
19051,20211227,38529
19432,20211228,38414
19813,20211229,38702
20194,20211230,38544
20896,20220104,38304
21277,20220105,38270
21658,20220106,37612
22039,20220107,37655
22420,20220110,37866
22801,20220111,37775
23182,20220112,38063
23563,20220113,38409
23944,20220114,37890
24325,20220117,37559
24706,20220118,37424
25087,20220119,36732
25468,20220120,36780
25849,20220121,36650
26230,20220124,36521
26611,20220125,36026
26992,20220126,35468
27373,20220127,35257
27754,20220128,34251
28135,20220203,35503
28516,20220204,35358
28897,20220207,35469
29278,20220208,35695
29659,20220209,35758
30040,20220210,36157
30421,20220211,35777
30802,20220214,35580
31183,20220215,35469
31564,20220216,35604
31945,20220217,35844
32326,20220218,35681
32707,20220221,35281
33088,20220222,35228
33469,20220223,35647
33850,20220224,35050
34231,20220225,34944
34612,20220228,34771
34993,20220302,35118
35374,20220303,35421
35755,20220304,35584
36136,20220307,34511
36517,20220308,33938
36898,20220310,34680
37279,20220311,34501
37660,20220314,34463
38041,20220315,34280
38422,20220316,34511
38803,20220317,35349
39184,20220318,35065
39565,20220321,35411
39946,20220322,35007
40327,20220323,35512
40708,20220324,35281
41089,20220325,35464
41470,20220328,35026
41851,20220329,35503
42232,20220330,35743
42613,20220331,35575
42994,20220401,35454
43375,20220404,35252
43756,20220405,35734
44137,20220406,35339
44518,20220407,34925
44899,20220408,34781
45280,20220411,34540
45661,20220412,34550
46042,20220413,34535
46423,20220414,35002
46804,20220415,34574
47185,20220418,34309
47566,20220419,34675
47947,20220420,34790
48328,20220421,35041
48709,20220422,34641
49090,20220425,34203
49471,20220426,34242
49852,20220427,33659
50233,20220428,34023
50614,20220429,34111
50995,20220502,34389
51376,20220503,34570
51757,20220504,34667
52138,20220506,34106
52519,20220509,33920
52900,20220510,33510
53281,20220511,33325
53662,20220512,33242
54043,20220513,33232
54424,20220516,34081
54805,20220517,33784
55186,20220518,34184
55567,20220519,33320
55948,20220520,33789
56329,20220523,34326
56710,20220524,34081
57091,20220525,33828
57472,20220526,33818
57853,20220527,34077
58234,20220530,34389
58615,20220531,34453
58996,20220602,34409
59377,20220603,34516
59758,20220607,34213
60139,20220608,33847
60520,20220609,33749
60901,20220610,33466
61282,20220613,32763
61663,20220614,31816
62044,20220615,32016
62425,20220616,31972
62806,20220617,30981
63187,20220620,31391
63568,20220621,30947
63948,20220622,30991
64329,20220623,30327
64710,20220624,30078
65091,20220627,30678
65472,20220628,30966
65853,20220629,30839
66234,20220630,30458
66615,20220701,30278
66996,20220704,29853
67377,20220705,30107
67758,20220706,30000
68139,20220707,29882
68520,20220708,30498
68901,20220711,30498
69282,20220712,30170
69663,20220713,30068
70044,20220714,29843
70425,20220715,30166
70806,20220718,30493
71187,20220719,30668
71568,20220720,31210
71949,20220721,31005
72330,20220722,31181
72711,20220725,31069
73092,20220726,31113
73473,20220727,31298
73854,20220728,31670
74235,20220729,31788
74616,20220801,31587
74997,20220802,31582
75378,20220803,31474
75759,20220804,31910
76140,20220805,32047
76521,20220808,31920
76902,20220809,32042
77283,20220810,31949
77664,20220811,32130
78045,20220812,32292
78426,20220816,32619
78807,20220817,32629
79188,20220818,32096
79569,20220819,32174
79950,20220822,31646
80331,20220823,31430
80712,20220824,31377
81093,20220825,31479
81474,20220826,31812
81855,20220829,30975
82236,20220830,31112
82617,20220831,31005
82998,20220901,31132
83379,20220902,30921
83760,20220905,30731
84141,20220906,30701
84522,20220907,30413
84903,20220908,30393
85284,20220913,30838
85665,20220914,30329
86046,20220915,30652
86427,20220916,30094
86808,20220919,30300
87189,20220920,30261
87570,20220921,29874
87951,20220922,29473
88332,20220923,29537
88713,20220926,28729
89094,20220927,28475
89475,20220928,28210
89856,20220929,28186
90237,20220930,27795
90618,20221004,28137
90999,20221005,28812
91380,20221006,28553
91761,20221007,28323
92142,20221011,27956
92523,20221012,27961
92904,20221013,28083
93285,20221014,28191
93666,20221017,28044
94047,20221018,28871
94428,20221019,28798
94809,20221020,28411
95190,20221021,28240
95571,20221024,28847
95952,20221025,28641
96333,20221026,28685
96714,20221027,29086
97095,20221028,29188
97476,20221031,29297
97857,20221101,29493
98238,20221102,29729
98619,20221103,29360
99000,20221104,29601
99381,20221107,29979
99762,20221108,30460
100143,20221109,30829
100524,20221110,30745
100905,20221111,31683
101286,20221114,31835
101667,20221115,31752
102048,20221116,31737
102810,20221118,31187
103191,20221121,31221
103572,20221122,30799
103953,20221123,30937
104334,20221124,31138
104715,20221125,31207
105096,20221128,30804
105477,20221129,30627
105858,20221130,30912
106239,20221201,31968
106620,20221202,31487
107001,20221205,31074
107382,20221206,30568
107763,20221207,30436
108144,20221208,30372
108525,20221209,30505
108906,20221212,30436
109286,20221213,30642
109667,20221214,30598
110048,20221215,30544
110429,20221216,29876
110810,20221219,30097
111191,20221220,30038
111572,20221221,30053
111953,20221222,29964
112334,20221223,29896
112715,20221226,29704
113096,20221227,29901
113477,20221228,29847
113858,20221229,29444
114560,20230103,28923
114941,20230104,28786
115322,20230105,29699
115703,20230106,29606
116084,20230109,30387
116465,20230110,30750
116846,20230111,31104
117227,20230112,31148
117608,20230113,31207
117989,20230116,31315
118370,20230117,31462
118751,20230118,31280
119132,20230119,30956
119513,20230120,31354
119894,20230125,31889
120275,20230126,32007
120656,20230127,32385
121037,20230130,32665
121418,20230131,32203
121799,20230201,31873
122180,20230202,32439
122561,20230203,32168
122942,20230206,32143
123323,20230207,31799
123704,20230208,32168
124085,20230209,32267
124466,20230210,32139
124847,20230213,32016
125228,20230214,32306
125609,20230215,32262
125990,20230216,31883
126371,20230217,31922
126752,20230220,31907
127133,20230221,31971
127514,20230222,31666
127895,20230223,31656
128276,20230224,31799
128657,20230227,31272
129038,20230228,31494
129419,20230302,31489
129800,20230303,31701
130181,20230306,31819
130562,20230307,31897
130943,20230308,31509
131324,20230309,31528
131705,20230310,30918
132086,20230313,31105
132467,20230314,30888
132848,20230315,30790
133229,20230316,30475
133610,20230317,31080
133991,20230320,31051
134372,20230321,31075
134753,20230322,31174
135134,20230323,31080
135515,20230324,31410
135896,20230327,31371
136277,20230328,31238
136658,20230329,31494
137039,20230330,31725
137420,20230331,31902
137801,20230403,32198
138182,20230404,32020
138563,20230405,32163
138944,20230406,32193
139325,20230407,32045
139706,20230410,32262
140087,20230411,32759
140468,20230412,33024
140849,20230413,32941
141230,20230414,33453
141611,20230417,33271
141992,20230418,33325
142373,20230419,33364
142754,20230420,33157
143135,20230421,33152
143516,20230424,32936
143897,20230425,32936
144278,20230426,32424
144659,20230427,32365
145040,20230428,32684
145421,20230502,32624
145802,20230503,32649
146183,20230504,32519
146564,20230508,32819
146944,20230509,32799
147325,20230510,32719
147706,20230511,32709
148087,20230512,32365
148468,20230515,32270
148849,20230516,32664
149230,20230517,32539
149611,20230518,32819
149992,20230519,33198
150373,20230522,33378
150754,20230523,33712
151135,20230524,33537
151516,20230525,33747
151897,20230526,33612
152278,20230530,34006
152659,20230531,34086
153040,20230601,33797
153421,20230602,34026
153802,20230605,34420
154183,20230607,34435
154564,20230608,34166
154945,20230609,34345
155326,20230612,34715
155707,20230613,34650
156088,20230614,34575
156469,20230615,34555
156850,20230616,34470
157231,20230619,34410
157612,20230620,34186
157993,20230621,34136
158374,20230622,33857
158755,20230623,34126
159136,20230626,33792
159517,20230627,33941
159898,20230628,34066
160279,20230629,33921
160660,20230630,33842
161041,20230703,34071
161422,20230704,34385
161803,20230705,34251
162184,20230706,33896
162565,20230707,33452
162946,20230710,33338
163327,20230711,33417
163708,20230712,33757
164089,20230713,34246
164470,20230714,34480
164851,20230717,34595
165232,20230718,34730
165613,20230719,34605
165994,20230720,34181
166375,20230721,33996
166756,20230724,34236
167137,20230725,34635
167518,20230726,34620
167899,20230727,34291
168280,20230728,34460
168661,20230731,34675
169042,20230801,34755
169423,20230802,34940
169804,20230803,34490
170185,20230804,34255
170566,20230807,34055
170947,20230808,34250
171328,20230809,33930
171709,20230810,34060
172090,20230811,34240
172471,20230814,33910
172852,20230816,33395
173233,20230817,32965
173614,20230818,32680
173995,20230821,33020
174376,20230822,33205
174757,20230823,32900
175138,20230824,33390
175519,20230825,32975
175900,20230828,33285
176281,20230829,33410
176662,20230830,33810
177043,20230831,33615
177424,20230901,33480
177805,20230904,34025
178186,20230905,34080
178567,20230906,34030
178948,20230907,33780
179329,20230908,33655
179709,20230911,33780
180090,20230912,33960
180470,20230913,33685
180851,20230914,33775
181232,20230915,34230
181613,20230918,34380
181994,20230919,34230
182375,20230920,33945
182756,20230921,33690
183137,20230922,33030
183518,20230925,33170
183899,20230926,33205
184280,20230927,32600
184661,20231004,32285
185042,20231005,32230
185423,20231006,32150
185804,20231010,32475
186185,20231011,32635
186566,20231012,32930
186947,20231013,32710
187328,20231016,32660
187709,20231017,32795
188090,20231018,32895
188471,20231019,32645
188852,20231020,32155
189233,20231023,31910
189614,20231024,31935
189995,20231025,32065
190376,20231026,31305
