,date,open
13,20211018,37478
394,20211019,37962
775,20211020,38058
1156,20211021,37919
1537,20211022,37742
1918,20211025,37536
2299,20211026,38154
2680,20211027,38188
3061,20211028,38020
3442,20211029,37967
3823,20211101,37511
4204,20211102,37943
4585,20211103,37789
4966,20211104,37924
5347,20211105,37559
5728,20211108,37218
6109,20211109,37765
6490,20211110,37357
6871,20211111,36900
7252,20211112,37366
7633,20211115,37761
8014,20211116,37818
8395,20211117,37775
9157,20211119,37539
9538,20211122,38015
9919,20211123,38255
10300,20211124,38328
10681,20211125,37818
11062,20211126,37602
11443,20211129,36848
11824,20211130,37011
12205,20211201,36237
12586,20211202,36771
12967,20211203,37150
13348,20211206,37366
13729,20211207,37645
14110,20211208,38553
14491,20211209,38270
14872,20211210,38188
15253,20211213,38510
15634,20211214,37924
16015,20211215,37837
16396,20211216,38313
16777,20211217,38068
17158,20211220,37881
17539,20211221,37885
17920,20211222,38198
18301,20211223,38155
18682,20211224,38693
19063,20211227,38472
19444,20211228,38280
19825,20211229,38750
20206,20211230,38563
20908,20220104,38304
21289,20220105,38255
21670,20220106,37722
22051,20220107,37818
22432,20220110,37564
22813,20220111,37876
23194,20220112,38169
23575,20220113,38371
23956,20220114,37746
24337,20220117,37515
24718,20220118,37275
25099,20220119,36756
25480,20220120,36737
25861,20220121,36622
26242,20220124,36487
26623,20220125,35848
27004,20220126,35483
27385,20220127,35089
27766,20220128,34270
28147,20220203,35416
28528,20220204,35575
28909,20220207,35219
29290,20220208,35666
29671,20220209,35772
30052,20220210,36148
30433,20220211,35811
30814,20220214,35536
31195,20220215,35325
31576,20220216,35599
31957,20220217,35878
32338,20220218,35681
32719,20220221,35209
33100,20220222,35286
33481,20220223,35531
33862,20220224,35108
34243,20220225,34867
34624,20220228,34771
35005,20220302,35156
35386,20220303,35507
35767,20220304,35382
36148,20220307,34535
36529,20220308,33958
36910,20220310,34689
37291,20220311,34622
37672,20220314,34540
38053,20220315,34376
38434,20220316,34439
38815,20220317,35426
39196,20220318,35180
39577,20220321,35180
39958,20220322,35002
40339,20220323,35604
40720,20220324,35286
41101,20220325,35344
41482,20220328,34988
41863,20220329,35556
42244,20220330,35777
42625,20220331,35671
43006,20220401,35329
43387,20220404,35238
43768,20220405,35608
44149,20220406,35286
44530,20220407,34959
44911,20220408,34843
45292,20220411,34574
45673,20220412,34631
46054,20220413,34607
46435,20220414,34944
46816,20220415,34444
47197,20220418,34424
47578,20220419,34872
47959,20220420,34689
48340,20220421,35098
48721,20220422,34564
49102,20220425,34251
49483,20220426,34193
49864,20220427,33577
50245,20220428,33881
50626,20220429,34433
51007,20220502,34453
51388,20220503,34560
51769,20220504,34726
52150,20220506,34018
52531,20220509,34067
52912,20220510,33315
53293,20220511,33437
53674,20220512,33134
54055,20220513,33315
54436,20220516,33994
54817,20220517,33862
55198,20220518,34282
55579,20220519,33481
55960,20220520,33862
56341,20220523,34228
56722,20220524,34204
57103,20220525,33671
57484,20220526,33994
57865,20220527,34028
58246,20220530,34306
58627,20220531,34443
59008,20220602,34306
59389,20220603,34531
59770,20220607,34052
60151,20220608,33857
60532,20220609,33720
60913,20220610,33442
61294,20220613,32695
61675,20220614,31982
62056,20220615,31874
62437,20220616,31987
62818,20220617,30996
63199,20220620,30971
63579,20220621,30766
63960,20220622,30800
64341,20220623,30244
64722,20220624,30092
65103,20220627,30615
65484,20220628,30961
65865,20220629,30795
66246,20220630,30351
66627,20220701,30336
67008,20220704,29936
67389,20220705,30126
67770,20220706,29975
68151,20220707,29946
68532,20220708,30449
68913,20220711,30488
69294,20220712,29980
69675,20220713,30063
70056,20220714,29926
70437,20220715,29936
70818,20220718,30512
71199,20220719,30595
71580,20220720,31220
71961,20220721,31093
72342,20220722,31289
72723,20220725,31308
73104,20220726,31098
73485,20220727,31249
73866,20220728,31592
74247,20220729,31836
74628,20220801,31543
75009,20220802,31528
75390,20220803,31514
75771,20220804,31851
76152,20220805,32066
76533,20220808,31900
76914,20220809,32022
77295,20220810,31871
77676,20220811,32194
78057,20220812,32370
78438,20220816,32522
78819,20220817,32615
79200,20220818,32018
79581,20220819,32042
79962,20220822,31562
80343,20220823,31391
80724,20220824,31381
81105,20220825,31484
81486,20220826,31871
81867,20220829,31005
82248,20220830,31166
82629,20220831,31005
83010,20220901,31068
83391,20220902,30912
83772,20220905,30877
84153,20220906,30775
84534,20220907,30383
84915,20220908,30359
85296,20220913,30892
85677,20220914,30310
86058,20220915,30608
86439,20220916,30153
86820,20220919,30197
87201,20220920,30300
87582,20220921,29938
87963,20220922,29444
88344,20220923,29429
88725,20220926,28744
89106,20220927,28440
89487,20220928,28284
89868,20220929,28191
90249,20220930,27804
90630,20221004,28162
91011,20221005,28646
91392,20221006,28626
91773,20221007,28377
92154,20221011,27824
92535,20221012,27932
92916,20221013,28044
93297,20221014,28215
93678,20221017,28073
94059,20221018,28778
94440,20221019,28827
94821,20221020,28445
95202,20221021,28313
95583,20221024,28856
95964,20221025,28744
96345,20221026,28656
96726,20221027,29067
97107,20221028,29252
97488,20221031,29243
97869,20221101,29552
98250,20221102,29680
98631,20221103,29257
99012,20221104,29650
99393,20221107,30136
99774,20221108,30451
100155,20221109,30745
100536,20221110,30794
100917,20221111,31659
101298,20221114,31919
101679,20221115,31737
102060,20221116,31639
102822,20221118,31330
103203,20221121,31074
103584,20221122,30907
103965,20221123,30942
104346,20221124,31138
104727,20221125,31079
105108,20221128,30637
105489,20221129,30706
105870,20221130,30917
106251,20221201,31865
106632,20221202,31359
107013,20221205,30981
107394,20221206,30662
107775,20221207,30436
108156,20221208,30342
108537,20221209,30455
108918,20221212,30485
109298,20221213,30583
109679,20221214,30711
110060,20221215,30573
110441,20221216,29979
110822,20221219,30097
111203,20221220,29984
111584,20221221,29969
111965,20221222,29964
112346,20221223,29871
112727,20221226,29680
113108,20221227,29940
113489,20221228,29724
113870,20221229,29468
114572,20230103,28668
114953,20230104,28742
115334,20230105,29768
115715,20230106,29792
116096,20230109,30529
116477,20230110,30834
116858,20230111,31050
117239,20230112,31010
117620,20230113,31133
118001,20230116,31413
118382,20230117,31516
118763,20230118,31079
119144,20230119,31015
119525,20230120,31457
119906,20230125,31899
120287,20230126,32002
120668,20230127,32508
121049,20230130,32646
121430,20230131,32016
121811,20230201,31863
122192,20230202,32394
122573,20230203,32311
122954,20230206,32025
123335,20230207,31853
123716,20230208,32237
124097,20230209,32207
124478,20230210,32148
124859,20230213,32001
125240,20230214,32449
125621,20230215,32084
126002,20230216,31956
126383,20230217,32040
126764,20230220,31804
127145,20230221,31897
127526,20230222,31543
127907,20230223,31740
128288,20230224,31937
128669,20230227,31159
129050,20230228,31509
129431,20230302,31671
129812,20230303,31563
130193,20230306,31804
130574,20230307,31942
130955,20230308,31479
131336,20230309,31518
131717,20230310,30943
132098,20230313,31075
132479,20230314,30751
132860,20230315,30805
133241,20230316,30421
133622,20230317,31056
134003,20230320,31061
134384,20230321,30997
134765,20230322,31154
135146,20230323,31115
135527,20230324,31395
135908,20230327,31243
136289,20230328,31356
136670,20230329,31573
137051,20230330,31656
137432,20230331,31927
137813,20230403,32070
138194,20230404,32158
138575,20230405,32316
138956,20230406,32084
139337,20230407,32099
139718,20230410,32542
140099,20230411,32754
140480,20230412,33177
140861,20230413,33064
141242,20230414,33403
141623,20230417,33310
142004,20230418,33295
142385,20230419,33389
142766,20230420,33133
143147,20230421,33108
143528,20230424,32936
143909,20230425,32862
144290,20230426,32439
144671,20230427,32220
145052,20230428,32569
145433,20230502,32834
145814,20230503,32714
146195,20230504,32509
146576,20230508,32879
146956,20230509,32739
147337,20230510,32689
147718,20230511,32729
148099,20230512,32330
148480,20230515,32295
148861,20230516,32714
149242,20230517,32514
149623,20230518,32874
150004,20230519,33248
150385,20230522,33477
150766,20230523,33707
151147,20230524,33612
151528,20230525,33677
151909,20230526,33652
152290,20230530,34001
152671,20230531,34156
153052,20230601,33911
153433,20230602,34041
153814,20230605,34370
154195,20230607,34425
154576,20230608,34136
154957,20230609,34330
155338,20230612,34710
155719,20230613,34660
156100,20230614,34510
156481,20230615,34565
156862,20230616,34365
157243,20230619,34345
157624,20230620,34141
158005,20230621,34071
158386,20230622,33896
158767,20230623,34076
159148,20230626,33757
159529,20230627,33867
159910,20230628,33986
160291,20230629,34026
160672,20230630,33592
161053,20230703,34161
161434,20230704,34405
161815,20230705,34251
162196,20230706,33727
162577,20230707,33383
162958,20230710,33253
163339,20230711,33502
163720,20230712,33787
164101,20230713,34286
164482,20230714,34425
164863,20230717,34635
165244,20230718,34620
165625,20230719,34460
166006,20230720,34166
166387,20230721,33911
166768,20230724,34196
167149,20230725,34560
167530,20230726,34565
167911,20230727,34281
168292,20230728,34360
168673,20230731,34685
169054,20230801,34920
169435,20230802,34920
169816,20230803,34370
170197,20230804,34275
170578,20230807,34205
170959,20230808,34170
171340,20230809,34055
171721,20230810,34040
172102,20230811,34305
172483,20230814,33915
172864,20230816,33385
173245,20230817,32875
173626,20230818,32810
174007,20230821,33020
174388,20230822,33200
174769,20230823,32975
175150,20230824,33440
175531,20230825,33050
175912,20230828,33185
176293,20230829,33420
176674,20230830,33760
177055,20230831,33640
177436,20230901,33625
177817,20230904,34010
178198,20230905,34105
178579,20230906,34055
178960,20230907,33790
179341,20230908,33695
179721,20230911,33640
180102,20230912,33875
180482,20230913,33795
180863,20230914,33775
181244,20230915,34300
181625,20230918,34450
182006,20230919,34175
182387,20230920,33920
182768,20230921,33745
183149,20230922,33020
183530,20230925,33165
183911,20230926,33075
184292,20230927,32775
184673,20231004,32175
185054,20231005,32135
185435,20231006,32115
185816,20231010,32525
186197,20231011,32725
186578,20231012,32940
186959,20231013,32840
187340,20231016,32750
187721,20231017,32760
188102,20231018,32880
188483,20231019,32550
188864,20231020,32050
189245,20231023,31945
189626,20231024,31860
190007,20231025,32050
190388,20231026,31385
