,date,open
28,20211018,37488
409,20211019,37905
790,20211020,38188
1171,20211021,37910
1552,20211022,37723
1933,20211025,37660
2314,20211026,38150
2695,20211027,38068
3076,20211028,38015
3457,20211029,37866
3838,20211101,37544
4219,20211102,38073
4600,20211103,37746
4981,20211104,37943
5362,20211105,37583
5743,20211108,37222
6124,20211109,37573
6505,20211110,37357
6886,20211111,36896
7267,20211112,37419
7648,20211115,37823
8029,20211116,37751
8410,20211117,37650
9172,20211119,37366
9553,20211122,38030
9934,20211123,38159
10315,20211124,38116
10696,20211125,37775
11077,20211126,37434
11458,20211129,36881
11839,20211130,36987
12220,20211201,36261
12601,20211202,37001
12982,20211203,37285
13363,20211206,37294
13744,20211207,37698
14125,20211208,38419
14506,20211209,38294
14887,20211210,38159
15268,20211213,38525
15649,20211214,37948
16030,20211215,37905
16411,20211216,38102
16792,20211217,38097
17173,20211220,37943
17554,20211221,37727
17935,20211222,38140
18316,20211223,38087
18697,20211224,38640
19078,20211227,38534
19459,20211228,38289
19840,20211229,38707
20221,20211230,38510
20923,20220104,38376
21304,20220105,38015
21685,20220106,37746
22066,20220107,37876
22447,20220110,37506
22828,20220111,37785
23209,20220112,38207
23590,20220113,38366
23971,20220114,37842
24352,20220117,37491
24733,20220118,37275
25114,20220119,36915
25495,20220120,36872
25876,20220121,36646
26257,20220124,36381
26638,20220125,35680
27019,20220126,35521
27400,20220127,35012
27781,20220128,34044
28162,20220203,35479
28543,20220204,35671
28924,20220207,35108
29305,20220208,35551
29686,20220209,35743
30067,20220210,36225
30448,20220211,35729
30829,20220214,35382
31210,20220215,35276
31591,20220216,35580
31972,20220217,35950
32353,20220218,35633
32734,20220221,35233
33115,20220222,35300
33496,20220223,35589
33877,20220224,35016
34258,20220225,35041
34639,20220228,34694
35020,20220302,35146
35401,20220303,35551
35782,20220304,35262
36163,20220307,34420
36544,20220308,34121
36925,20220310,34776
37306,20220311,34607
37687,20220314,34627
38068,20220315,34391
38449,20220316,34396
38830,20220317,35416
39211,20220318,35228
39592,20220321,35151
39973,20220322,35093
40354,20220323,35690
40735,20220324,35195
41116,20220325,35281
41497,20220328,35093
41878,20220329,35397
42259,20220330,35719
42640,20220331,35743
43021,20220401,35296
43402,20220404,35421
43783,20220405,35517
44164,20220406,35329
44545,20220407,34891
44926,20220408,34790
45307,20220411,34795
45688,20220412,34574
46069,20220413,34521
46450,20220414,34886
46831,20220415,34448
47212,20220418,34487
47593,20220419,34891
47974,20220420,34713
48355,20220421,35055
48736,20220422,34559
49117,20220425,34237
49498,20220426,34237
49879,20220427,33635
50260,20220428,33808
50641,20220429,34550
51022,20220502,34384
51403,20220503,34521
51784,20220504,34663
52165,20220506,34067
52546,20220509,34028
52927,20220510,33134
53308,20220511,33486
53689,20220512,33212
54070,20220513,33408
54451,20220516,33906
54832,20220517,33886
55213,20220518,34243
55594,20220519,33364
55975,20220520,33847
56356,20220523,34345
56737,20220524,34081
57118,20220525,33647
57499,20220526,33994
57880,20220527,34052
58261,20220530,34345
58642,20220531,34316
59023,20220602,34355
59404,20220603,34531
59785,20220607,34072
60166,20220608,33793
60547,20220609,33691
60928,20220610,33466
61309,20220613,32665
61690,20220614,31977
62071,20220615,31801
62452,20220616,32094
62833,20220617,31132
63214,20220620,30932
63594,20220621,30927
63975,20220622,30854
64356,20220623,30122
64737,20220624,30214
65118,20220627,30698
65499,20220628,31044
65880,20220629,30815
66261,20220630,30405
66642,20220701,30249
67023,20220704,29917
67404,20220705,30180
67785,20220706,29941
68166,20220707,30078
68547,20220708,30468
68928,20220711,30522
69309,20220712,29936
69690,20220713,30004
70071,20220714,29902
70452,20220715,29736
70833,20220718,30600
71214,20220719,30673
71595,20220720,31303
71976,20220721,31098
72357,20220722,31416
72738,20220725,31337
73119,20220726,31186
73500,20220727,31269
73881,20220728,31611
74262,20220729,31871
74643,20220801,31675
75024,20220802,31567
75405,20220803,31543
75786,20220804,31885
76167,20220805,32101
76548,20220808,31890
76929,20220809,31964
77310,20220810,31856
77691,20220811,32243
78072,20220812,32336
78453,20220816,32487
78834,20220817,32619
79215,20220818,31969
79596,20220819,32047
79977,20220822,31562
80358,20220823,31504
80739,20220824,31391
81120,20220825,31479
81501,20220826,31900
81882,20220829,30985
82263,20220830,31137
82644,20220831,31044
83025,20220901,31044
83406,20220902,30902
83787,20220905,30804
84168,20220906,30853
84549,20220907,30266
84930,20220908,30310
85311,20220913,30980
85692,20220914,30339
86073,20220915,30579
86454,20220916,30256
86835,20220919,30217
87216,20220920,30305
87597,20220921,29904
87978,20220922,29444
88359,20220923,29385
88740,20220926,28675
89121,20220927,28382
89502,20220928,28279
89883,20220929,28220
90264,20220930,27711
90645,20221004,28274
91026,20221005,28597
91407,20221006,28714
91788,20221007,28450
92169,20221011,27760
92550,20221012,28044
92931,20221013,28093
93312,20221014,28245
93693,20221017,28103
94074,20221018,28734
94455,20221019,28876
94836,20221020,28338
95217,20221021,28333
95598,20221024,28793
95979,20221025,28856
96360,20221026,28749
96741,20221027,29238
97122,20221028,29188
97503,20221031,29193
97884,20221101,29635
98265,20221102,29738
98646,20221103,29243
99027,20221104,29567
99408,20221107,30136
99789,20221108,30436
100170,20221109,30868
100551,20221110,30907
100932,20221111,31590
101313,20221114,31889
101694,20221115,31649
102075,20221116,31472
102837,20221118,31418
103218,20221121,31045
103599,20221122,30937
103980,20221123,30946
104361,20221124,31109
104742,20221125,31104
105123,20221128,30671
105504,20221129,30706
105885,20221130,31035
106266,20221201,32007
106647,20221202,31379
107028,20221205,31040
107409,20221206,30750
107790,20221207,30436
108171,20221208,30338
108552,20221209,30441
108933,20221212,30475
109313,20221213,30490
109694,20221214,30647
110075,20221215,30583
110456,20221216,29994
110837,20221219,30151
111218,20221220,29930
111599,20221221,29915
111980,20221222,29959
112361,20221223,29861
112742,20221226,29670
113123,20221227,29901
113504,20221228,29734
113885,20221229,29434
114587,20230103,28624
114968,20230104,29095
115349,20230105,29758
115730,20230106,29709
116111,20230109,30613
116492,20230110,30789
116873,20230111,30946
117254,20230112,30966
117635,20230113,31334
118016,20230116,31364
118397,20230117,31428
118778,20230118,31153
119159,20230119,31055
119540,20230120,31285
119921,20230125,32037
120302,20230126,31968
120683,20230127,32542
121064,20230130,32611
121445,20230131,32080
121826,20230201,31838
122207,20230202,32444
122588,20230203,32252
122969,20230206,31971
123350,20230207,31804
123731,20230208,32232
124112,20230209,32207
124493,20230210,32148
124874,20230213,32040
125255,20230214,32340
125636,20230215,32001
126017,20230216,32025
126398,20230217,32099
126779,20230220,31735
127160,20230221,32025
127541,20230222,31602
127922,20230223,31710
128303,20230224,31902
128684,20230227,31174
129065,20230228,31528
129446,20230302,31750
129827,20230303,31582
130208,20230306,31765
130589,20230307,31932
130970,20230308,31459
131351,20230309,31504
131732,20230310,30918
132113,20230313,30948
132494,20230314,30672
132875,20230315,30790
133256,20230316,30396
133637,20230317,30923
134018,20230320,31199
134399,20230321,31026
134780,20230322,31139
135161,20230323,31144
135542,20230324,31415
135923,20230327,31105
136304,20230328,31341
136685,20230329,31523
137066,20230330,31661
137447,20230331,31961
137828,20230403,32070
138209,20230404,32217
138590,20230405,32276
138971,20230406,32025
139352,20230407,32124
139733,20230410,32419
140114,20230411,32705
140495,20230412,33113
140876,20230413,33059
141257,20230414,33305
141638,20230417,33236
142019,20230418,33231
142400,20230419,33349
142781,20230420,33236
143162,20230421,33020
143543,20230424,32916
143924,20230425,32852
144305,20230426,32463
144686,20230427,32145
145067,20230428,32609
145448,20230502,32789
145829,20230503,32719
146210,20230504,32519
146591,20230508,32894
146971,20230509,32744
147352,20230510,32684
147733,20230511,32744
148114,20230512,32310
148495,20230515,32295
148876,20230516,32669
149257,20230517,32564
149638,20230518,32859
150019,20230519,33253
150400,20230522,33642
150781,20230523,33737
151162,20230524,33657
151543,20230525,33662
151924,20230526,33637
152305,20230530,33996
152686,20230531,34111
153067,20230601,33931
153448,20230602,34046
153829,20230605,34370
154210,20230607,34460
154591,20230608,34116
154972,20230609,34390
155353,20230612,34650
155734,20230613,34565
156115,20230614,34580
156496,20230615,34575
156877,20230616,34350
157258,20230619,34301
157639,20230620,34121
158020,20230621,34076
158401,20230622,33966
158782,20230623,34001
159163,20230626,33847
159544,20230627,33891
159925,20230628,33931
160306,20230629,33996
160687,20230630,33597
161068,20230703,34231
161449,20230704,34355
161830,20230705,34166
162211,20230706,33737
162592,20230707,33318
162973,20230710,33153
163354,20230711,33527
163735,20230712,33767
164116,20230713,34301
164497,20230714,34455
164878,20230717,34665
165259,20230718,34535
165640,20230719,34495
166021,20230720,34256
166402,20230721,33857
166783,20230724,34326
167164,20230725,34505
167545,20230726,34355
167926,20230727,34316
168307,20230728,34355
168688,20230731,34765
169069,20230801,34965
169450,20230802,34995
169831,20230803,34445
170212,20230804,34175
170593,20230807,34200
170974,20230808,34170
171355,20230809,34130
171736,20230810,34060
172117,20230811,34280
172498,20230814,33960
172879,20230816,33390
173260,20230817,32730
173641,20230818,32845
174022,20230821,33090
174403,20230822,33095
174784,20230823,33020
175165,20230824,33350
175546,20230825,33065
175927,20230828,33235
176308,20230829,33440
176689,20230830,33775
177070,20230831,33610
177451,20230901,33725
177832,20230904,33980
178213,20230905,34090
178594,20230906,34085
178975,20230907,33760
179356,20230908,33605
179736,20230911,33720
180117,20230912,33850
180497,20230913,33775
180878,20230914,33830
181259,20230915,34275
181640,20230918,34355
182021,20230919,34210
182402,20230920,33970
182783,20230921,33715
183164,20230922,32965
183545,20230925,33285
183926,20230926,32905
184307,20230927,32665
184688,20231004,32155
185069,20231005,32045
185450,20231006,32120
185831,20231010,32640
186212,20231011,32695
186593,20231012,32965
186974,20231013,32780
187355,20231016,32635
187736,20231017,32770
188117,20231018,32935
188498,20231019,32525
188879,20231020,31960
189260,20231023,31820
189641,20231024,31840
190022,20231025,32095
190403,20231026,31365
