,date,open
14,20211018,37488
395,20211019,37996
776,20211020,38068
1157,20211021,37910
1538,20211022,37728
1919,20211025,37526
2300,20211026,38154
2681,20211027,38193
3062,20211028,38020
3443,20211029,38001
3824,20211101,37544
4205,20211102,37934
4586,20211103,37813
4967,20211104,37934
5348,20211105,37564
5729,20211108,37222
6110,20211109,37775
6491,20211110,37352
6872,20211111,36876
7253,20211112,37333
7634,20211115,37741
8015,20211116,37837
8396,20211117,37756
9158,20211119,37525
9539,20211122,38006
9920,20211123,38227
10301,20211124,38332
10682,20211125,37857
11063,20211126,37568
11444,20211129,36823
11825,20211130,37025
12206,20211201,36199
12587,20211202,36771
12968,20211203,37150
13349,20211206,37362
13730,20211207,37640
14111,20211208,38534
14492,20211209,38289
14873,20211210,38198
15254,20211213,38510
15635,20211214,37948
16016,20211215,37842
16397,20211216,38323
16778,20211217,38058
17159,20211220,37895
17540,20211221,37900
17921,20211222,38217
18302,20211223,38131
18683,20211224,38688
19064,20211227,38462
19445,20211228,38270
19826,20211229,38746
20207,20211230,38491
20909,20220104,38332
21290,20220105,38251
21671,20220106,37751
22052,20220107,37813
22433,20220110,37568
22814,20220111,37890
23195,20220112,38164
23576,20220113,38371
23957,20220114,37746
24338,20220117,37491
24719,20220118,37270
25100,20220119,36742
25481,20220120,36761
25862,20220121,36617
26243,20220124,36463
26624,20220125,35862
27005,20220126,35488
27386,20220127,34973
27767,20220128,34246
28148,20220203,35459
28529,20220204,35580
28910,20220207,35262
29291,20220208,35705
29672,20220209,35767
30053,20220210,36138
30434,20220211,35787
30815,20220214,35517
31196,20220215,35368
31577,20220216,35594
31958,20220217,35873
32339,20220218,35637
32720,20220221,35243
33101,20220222,35252
33482,20220223,35575
33863,20220224,35089
34244,20220225,34886
34625,20220228,34776
35006,20220302,35127
35387,20220303,35522
35768,20220304,35397
36149,20220307,34530
36530,20220308,33972
36911,20220310,34680
37292,20220311,34617
37673,20220314,34554
38054,20220315,34333
38435,20220316,34444
38816,20220317,35392
39197,20220318,35185
39578,20220321,35214
39959,20220322,35007
40340,20220323,35628
40721,20220324,35296
41102,20220325,35320
41483,20220328,34997
41864,20220329,35503
42245,20220330,35758
42626,20220331,35690
43007,20220401,35329
43388,20220404,35238
43769,20220405,35589
44150,20220406,35315
44531,20220407,34954
44912,20220408,34838
45293,20220411,34617
45674,20220412,34617
46055,20220413,34588
46436,20220414,34944
46817,20220415,34448
47198,20220418,34424
47579,20220419,34877
47960,20220420,34713
48341,20220421,35108
48722,20220422,34569
49103,20220425,34261
49484,20220426,34217
49865,20220427,33577
50246,20220428,33876
50627,20220429,34438
51008,20220502,34414
51389,20220503,34545
51770,20220504,34716
52151,20220506,34028
52532,20220509,34067
52913,20220510,33290
53294,20220511,33466
53675,20220512,33139
54056,20220513,33290
54437,20220516,33974
54818,20220517,33881
55199,20220518,34291
55580,20220519,33461
55961,20220520,33881
56342,20220523,34238
56723,20220524,34194
57104,20220525,33696
57485,20220526,33994
57866,20220527,34042
58247,20220530,34301
58628,20220531,34438
59009,20220602,34316
59390,20220603,34526
59771,20220607,34052
60152,20220608,33867
60533,20220609,33706
60914,20220610,33442
61295,20220613,32665
61676,20220614,31938
62057,20220615,31899
62438,20220616,32021
62819,20220617,31044
63200,20220620,30981
63580,20220621,30786
63961,20220622,30810
64342,20220623,30283
64723,20220624,30068
65104,20220627,30610
65485,20220628,30996
65866,20220629,30810
66247,20220630,30390
66628,20220701,30336
67009,20220704,29941
67390,20220705,30141
67771,20220706,29946
68152,20220707,29960
68533,20220708,30458
68914,20220711,30493
69295,20220712,30000
69676,20220713,30083
70057,20220714,29926
70438,20220715,29912
70819,20220718,30498
71200,20220719,30620
71581,20220720,31215
71962,20220721,31079
72343,20220722,31289
72724,20220725,31284
73105,20220726,31083
73486,20220727,31254
73867,20220728,31577
74248,20220729,31836
74629,20220801,31562
75010,20220802,31567
75391,20220803,31528
75772,20220804,31827
76153,20220805,32062
76534,20220808,31910
76915,20220809,32037
77296,20220810,31876
77677,20220811,32199
78058,20220812,32404
78439,20220816,32517
78820,20220817,32624
79201,20220818,32008
79582,20220819,32037
79963,20220822,31558
80344,20220823,31401
80725,20220824,31396
81106,20220825,31479
81487,20220826,31841
81868,20220829,30995
82249,20220830,31147
82630,20220831,30980
83011,20220901,31044
83392,20220902,30931
83773,20220905,30897
84154,20220906,30770
84535,20220907,30388
84916,20220908,30364
85297,20220913,30917
85678,20220914,30295
86059,20220915,30603
86440,20220916,30138
86821,20220919,30187
87202,20220920,30315
87583,20220921,29957
87964,20220922,29458
88345,20220923,29409
88726,20220926,28719
89107,20220927,28455
89488,20220928,28279
89869,20220929,28171
90250,20220930,27770
90631,20221004,28152
91012,20221005,28666
91393,20221006,28626
91774,20221007,28357
92155,20221011,27839
92536,20221012,27922
92917,20221013,28049
93298,20221014,28210
93679,20221017,28073
94060,20221018,28778
94441,20221019,28817
94822,20221020,28455
95203,20221021,28333
95584,20221024,28866
95965,20221025,28754
96346,20221026,28661
96727,20221027,29106
97108,20221028,29267
97489,20221031,29252
97870,20221101,29581
98251,20221102,29694
98632,20221103,29233
99013,20221104,29675
99394,20221107,30151
99775,20221108,30451
100156,20221109,30755
100537,20221110,30809
100918,20221111,31673
101299,20221114,31860
101680,20221115,31762
102061,20221116,31619
102823,20221118,31349
103204,20221121,31069
103585,20221122,30917
103966,20221123,30956
104347,20221124,31138
104728,20221125,31084
105109,20221128,30617
105490,20221129,30711
105871,20221130,30922
106252,20221201,31860
106633,20221202,31344
107014,20221205,30996
107395,20221206,30667
107776,20221207,30470
108157,20221208,30333
108538,20221209,30524
108919,20221212,30480
109299,20221213,30563
109680,20221214,30716
110061,20221215,30588
110442,20221216,29974
110823,20221219,30102
111204,20221220,29959
111585,20221221,29974
111966,20221222,29950
112347,20221223,29837
112728,20221226,29680
113109,20221227,29979
113490,20221228,29748
113871,20221229,29473
114573,20230103,28634
114954,20230104,28781
115335,20230105,29763
115716,20230106,29807
116097,20230109,30539
116478,20230110,30814
116859,20230111,31035
117240,20230112,31001
117621,20230113,31163
118002,20230116,31408
118383,20230117,31541
118764,20230118,31045
119145,20230119,31020
119526,20230120,31413
119907,20230125,31899
120288,20230126,32017
120669,20230127,32493
121050,20230130,32601
121431,20230131,32045
121812,20230201,31863
122193,20230202,32370
122574,20230203,32296
122955,20230206,32011
123336,20230207,31853
123717,20230208,32247
124098,20230209,32212
124479,20230210,32193
124860,20230213,32025
125241,20230214,32434
125622,20230215,32070
126003,20230216,31961
126384,20230217,32060
126765,20230220,31799
127146,20230221,31902
127527,20230222,31573
127908,20230223,31750
128289,20230224,31927
128670,20230227,31203
129051,20230228,31489
129432,20230302,31676
129813,20230303,31577
130194,20230306,31784
130575,20230307,31952
130956,20230308,31459
131337,20230309,31528
131718,20230310,30952
132099,20230313,31046
132480,20230314,30736
132861,20230315,30805
133242,20230316,30446
133623,20230317,31051
134004,20230320,31095
134385,20230321,31016
134766,20230322,31164
135147,20230323,31120
135528,20230324,31390
135909,20230327,31218
136290,20230328,31361
136671,20230329,31558
137052,20230330,31661
137433,20230331,31942
137814,20230403,32089
138195,20230404,32183
138576,20230405,32311
138957,20230406,32070
139338,20230407,32114
139719,20230410,32542
140100,20230411,32749
140481,20230412,33172
140862,20230413,33074
141243,20230414,33399
141624,20230417,33290
142005,20230418,33275
142386,20230419,33379
142767,20230420,33152
143148,20230421,33103
143529,20230424,32946
143910,20230425,32857
144291,20230426,32444
144672,20230427,32195
145053,20230428,32579
145434,20230502,32824
145815,20230503,32699
146196,20230504,32514
146577,20230508,32894
146957,20230509,32744
147338,20230510,32689
147719,20230511,32719
148100,20230512,32340
148481,20230515,32290
148862,20230516,32714
149243,20230517,32539
149624,20230518,32879
150005,20230519,33238
150386,20230522,33507
150767,20230523,33707
151148,20230524,33617
151529,20230525,33682
151910,20230526,33642
152291,20230530,33966
152672,20230531,34151
153053,20230601,33896
153434,20230602,34021
153815,20230605,34380
154196,20230607,34445
154577,20230608,34121
154958,20230609,34340
155339,20230612,34705
155720,20230613,34640
156101,20230614,34455
156482,20230615,34585
156863,20230616,34326
157244,20230619,34326
157625,20230620,34141
158006,20230621,34081
158387,20230622,33921
158768,20230623,34061
159149,20230626,33797
159530,20230627,33871
159911,20230628,34001
160292,20230629,34016
160673,20230630,33592
161054,20230703,34171
161435,20230704,34415
161816,20230705,34201
162197,20230706,33742
162578,20230707,33363
162959,20230710,33278
163340,20230711,33497
163721,20230712,33757
164102,20230713,34286
164483,20230714,34445
164864,20230717,34640
165245,20230718,34630
165626,20230719,34475
166007,20230720,34186
166388,20230721,33911
166769,20230724,34221
167150,20230725,34545
167531,20230726,34545
167912,20230727,34256
168293,20230728,34360
168674,20230731,34660
169055,20230801,34925
169436,20230802,34925
169817,20230803,34360
170198,20230804,34265
170579,20230807,34170
170960,20230808,34170
171341,20230809,34060
171722,20230810,34050
172103,20230811,34315
172484,20230814,33880
172865,20230816,33400
173246,20230817,32855
173627,20230818,32805
174008,20230821,33030
174389,20230822,33160
174770,20230823,32970
175151,20230824,33450
175532,20230825,33075
175913,20230828,33180
176294,20230829,33430
176675,20230830,33765
177056,20230831,33645
177437,20230901,33615
177818,20230904,33980
178199,20230905,34100
178580,20230906,34055
178961,20230907,33770
179342,20230908,33690
179722,20230911,33630
180103,20230912,33870
180483,20230913,33795
180864,20230914,33785
181245,20230915,34300
181626,20230918,34450
182007,20230919,34185
182388,20230920,33905
182769,20230921,33755
183150,20230922,33025
183531,20230925,33150
183912,20230926,33090
184293,20230927,32810
184674,20231004,32190
185055,20231005,32125
185436,20231006,32130
185817,20231010,32540
186198,20231011,32735
186579,20231012,32935
186960,20231013,32845
187341,20231016,32745
187722,20231017,32755
188103,20231018,32870
188484,20231019,32535
188865,20231020,32030
189246,20231023,31965
189627,20231024,31840
190008,20231025,32010
190389,20231026,31405
