,date,open
23,20211018,37493
404,20211019,37962
785,20211020,38130
1166,20211021,37900
1547,20211022,37771
1928,20211025,37574
2309,20211026,38121
2690,20211027,38106
3071,20211028,38078
3452,20211029,37943
3833,20211101,37525
4214,20211102,38073
4595,20211103,37727
4976,20211104,37895
5357,20211105,37640
5738,20211108,37237
6119,20211109,37539
6500,20211110,37357
6881,20211111,36881
7262,20211112,37439
7643,20211115,37780
8024,20211116,37828
8405,20211117,37664
9167,20211119,37415
9548,20211122,38030
9929,20211123,38159
10310,20211124,38155
10691,20211125,37775
11072,20211126,37487
11453,20211129,36900
11834,20211130,36982
12215,20211201,36141
12596,20211202,36992
12977,20211203,37222
13358,20211206,37280
13739,20211207,37631
14120,20211208,38376
14501,20211209,38275
14882,20211210,38203
15263,20211213,38553
15644,20211214,38068
16025,20211215,37828
16406,20211216,38169
16787,20211217,38107
17168,20211220,38006
17549,20211221,37809
17930,20211222,38097
18311,20211223,38121
18692,20211224,38621
19073,20211227,38544
19454,20211228,38227
19835,20211229,38760
20216,20211230,38486
20918,20220104,38332
21299,20220105,38058
21680,20220106,37727
22061,20220107,37842
22442,20220110,37515
22823,20220111,37761
23204,20220112,38207
23585,20220113,38347
23966,20220114,37857
24347,20220117,37515
24728,20220118,37275
25109,20220119,36900
25490,20220120,36809
25871,20220121,36559
26252,20220124,36396
26633,20220125,35685
27014,20220126,35430
27395,20220127,34954
27776,20220128,34054
28157,20220203,35435
28538,20220204,35661
28919,20220207,35074
29300,20220208,35560
29681,20220209,35796
30062,20220210,36205
30443,20220211,35724
30824,20220214,35392
31205,20220215,35300
31586,20220216,35570
31967,20220217,35917
32348,20220218,35637
32729,20220221,35233
33110,20220222,35281
33491,20220223,35546
33872,20220224,35002
34253,20220225,35012
34634,20220228,34718
35015,20220302,35142
35396,20220303,35589
35777,20220304,35286
36158,20220307,34473
36539,20220308,34165
36920,20220310,34723
37301,20220311,34660
37682,20220314,34651
38063,20220315,34352
38444,20220316,34381
38825,20220317,35411
39206,20220318,35199
39587,20220321,35161
39968,20220322,35084
40349,20220323,35652
40730,20220324,35281
41111,20220325,35281
41492,20220328,35041
41873,20220329,35421
42254,20220330,35714
42635,20220331,35710
43016,20220401,35320
43397,20220404,35349
43778,20220405,35507
44159,20220406,35349
44540,20220407,34901
44921,20220408,34805
45302,20220411,34699
45683,20220412,34487
46064,20220413,34506
46445,20220414,34896
46826,20220415,34420
47207,20220418,34482
47588,20220419,34925
47969,20220420,34708
48350,20220421,35074
48731,20220422,34583
49112,20220425,34242
49493,20220426,34261
49874,20220427,33611
50255,20220428,33774
50636,20220429,34570
51017,20220502,34414
51398,20220503,34511
51779,20220504,34677
52160,20220506,34072
52541,20220509,33998
52922,20220510,33100
53303,20220511,33481
53684,20220512,33183
54065,20220513,33369
54446,20220516,33886
54827,20220517,33935
55208,20220518,34291
55589,20220519,33393
55970,20220520,33886
56351,20220523,34326
56732,20220524,34111
57113,20220525,33696
57494,20220526,34013
57875,20220527,34077
58256,20220530,34374
58637,20220531,34350
59018,20220602,34316
59399,20220603,34516
59780,20220607,34057
60161,20220608,33832
60542,20220609,33706
60923,20220610,33481
61304,20220613,32695
61685,20220614,31923
62066,20220615,31831
62447,20220616,32075
62828,20220617,31035
63209,20220620,30888
63589,20220621,30864
63970,20220622,30834
64351,20220623,30195
64732,20220624,30229
65113,20220627,30576
65494,20220628,31020
65875,20220629,30795
66256,20220630,30390
66637,20220701,30307
67018,20220704,29960
67399,20220705,30156
67780,20220706,29975
68161,20220707,30029
68542,20220708,30512
68923,20220711,30561
69304,20220712,29946
69685,20220713,30043
70066,20220714,29970
70447,20220715,29755
70828,20220718,30634
71209,20220719,30639
71590,20220720,31230
71971,20220721,31088
72352,20220722,31406
72733,20220725,31308
73114,20220726,31123
73495,20220727,31274
73876,20220728,31592
74257,20220729,31822
74638,20220801,31655
75019,20220802,31523
75400,20220803,31523
75781,20220804,31866
76162,20220805,32101
76543,20220808,31929
76924,20220809,32008
77305,20220810,31856
77686,20220811,32213
78067,20220812,32380
78448,20220816,32478
78829,20220817,32624
79210,20220818,32018
79591,20220819,32066
79972,20220822,31577
80353,20220823,31474
80734,20220824,31406
81115,20220825,31484
81496,20220826,31866
81877,20220829,30975
82258,20220830,31132
82639,20220831,31044
83020,20220901,31044
83401,20220902,30863
83782,20220905,30833
84163,20220906,30824
84544,20220907,30280
84925,20220908,30364
85306,20220913,30961
85687,20220914,30324
86068,20220915,30579
86449,20220916,30246
86830,20220919,30192
87211,20220920,30349
87592,20220921,29938
87973,20220922,29424
88354,20220923,29404
88735,20220926,28651
89116,20220927,28406
89497,20220928,28240
89878,20220929,28191
90259,20220930,27711
90640,20221004,28255
91021,20221005,28577
91402,20221006,28705
91783,20221007,28440
92164,20221011,27790
92545,20221012,28020
92926,20221013,28073
93307,20221014,28235
93688,20221017,28059
94069,20221018,28729
94450,20221019,28822
94831,20221020,28343
95212,20221021,28367
95593,20221024,28822
95974,20221025,28807
96355,20221026,28724
96736,20221027,29233
97117,20221028,29193
97498,20221031,29243
97879,20221101,29601
98260,20221102,29748
98641,20221103,29238
99022,20221104,29630
99403,20221107,30205
99784,20221108,30421
100165,20221109,30804
100546,20221110,30868
100927,20221111,31629
101308,20221114,31899
101689,20221115,31673
102070,20221116,31472
102832,20221118,31413
103213,20221121,31015
103594,20221122,30991
103975,20221123,30927
104356,20221124,31104
104737,20221125,31128
105118,20221128,30652
105499,20221129,30642
105880,20221130,30996
106261,20221201,32012
106642,20221202,31354
107023,20221205,31113
107404,20221206,30716
107785,20221207,30455
108166,20221208,30308
108547,20221209,30524
108928,20221212,30441
109308,20221213,30529
109689,20221214,30770
110070,20221215,30622
110451,20221216,30004
110832,20221219,30092
111213,20221220,29930
111594,20221221,29935
111975,20221222,29969
112356,20221223,29832
112737,20221226,29670
113118,20221227,29881
113499,20221228,29704
113880,20221229,29429
114582,20230103,28614
114963,20230104,28982
115344,20230105,29837
115725,20230106,29758
116106,20230109,30544
116487,20230110,30848
116868,20230111,30922
117249,20230112,30971
117630,20230113,31246
118011,20230116,31354
118392,20230117,31452
118773,20230118,31128
119154,20230119,31069
119535,20230120,31339
119916,20230125,32017
120297,20230126,32012
120678,20230127,32498
121059,20230130,32631
121440,20230131,32089
121821,20230201,31848
122202,20230202,32434
122583,20230203,32276
122964,20230206,31976
123345,20230207,31794
123726,20230208,32193
124107,20230209,32183
124488,20230210,32198
124869,20230213,32124
125250,20230214,32419
125631,20230215,32020
126012,20230216,31996
126393,20230217,32075
126774,20230220,31735
127155,20230221,31991
127536,20230222,31602
127917,20230223,31720
128298,20230224,31912
128679,20230227,31159
129060,20230228,31484
129441,20230302,31720
129822,20230303,31646
130203,20230306,31755
130584,20230307,31966
130965,20230308,31469
131346,20230309,31499
131727,20230310,30908
132108,20230313,30952
132489,20230314,30701
132870,20230315,30760
133251,20230316,30450
133632,20230317,30957
134013,20230320,31130
134394,20230321,30997
134775,20230322,31189
135156,20230323,31135
135537,20230324,31445
135918,20230327,31139
136299,20230328,31356
136680,20230329,31484
137061,20230330,31705
137442,20230331,31947
137823,20230403,32094
138204,20230404,32232
138585,20230405,32296
138966,20230406,32050
139347,20230407,32094
139728,20230410,32434
140109,20230411,32719
140490,20230412,33074
140871,20230413,33059
141252,20230414,33359
141633,20230417,33310
142014,20230418,33261
142395,20230419,33349
142776,20230420,33231
143157,20230421,33015
143538,20230424,32936
143919,20230425,32857
144300,20230426,32404
144681,20230427,32110
145062,20230428,32589
145443,20230502,32819
145824,20230503,32669
146205,20230504,32559
146586,20230508,32914
146966,20230509,32749
147347,20230510,32714
147728,20230511,32739
148109,20230512,32330
148490,20230515,32255
148871,20230516,32674
149252,20230517,32554
149633,20230518,32884
150014,20230519,33233
150395,20230522,33612
150776,20230523,33747
151157,20230524,33652
151538,20230525,33682
151919,20230526,33647
152300,20230530,33981
152681,20230531,34131
153062,20230601,33901
153443,20230602,34051
153824,20230605,34365
154205,20230607,34485
154586,20230608,34116
154967,20230609,34385
155348,20230612,34650
155729,20230613,34605
156110,20230614,34575
156491,20230615,34585
156872,20230616,34350
157253,20230619,34276
157634,20230620,34106
158015,20230621,34086
158396,20230622,33981
158777,20230623,34036
159158,20230626,33847
159539,20230627,33857
159920,20230628,33921
160301,20230629,34016
160682,20230630,33572
161063,20230703,34216
161444,20230704,34375
161825,20230705,34176
162206,20230706,33737
162587,20230707,33248
162968,20230710,33218
163349,20230711,33542
163730,20230712,33747
164111,20230713,34306
164492,20230714,34440
164873,20230717,34640
165254,20230718,34575
165635,20230719,34530
166016,20230720,34266
166397,20230721,33837
166778,20230724,34266
167159,20230725,34500
167540,20230726,34435
167921,20230727,34226
168302,20230728,34395
168683,20230731,34730
169064,20230801,35000
169445,20230802,34955
169826,20230803,34435
170207,20230804,34225
170588,20230807,34260
170969,20230808,34120
171350,20230809,34140
171731,20230810,34075
172112,20230811,34310
172493,20230814,33910
172874,20230816,33410
173255,20230817,32755
173636,20230818,32860
174017,20230821,33050
174398,20230822,33130
174779,20230823,33015
175160,20230824,33380
175541,20230825,33030
175922,20230828,33220
176303,20230829,33475
176684,20230830,33800
177065,20230831,33640
177446,20230901,33705
177827,20230904,34015
178208,20230905,34145
178589,20230906,34075
178970,20230907,33810
179351,20230908,33695
179731,20230911,33690
180112,20230912,33845
180492,20230913,33760
180873,20230914,33840
181254,20230915,34230
181635,20230918,34365
182016,20230919,34210
182397,20230920,33990
182778,20230921,33750
183159,20230922,33045
183540,20230925,33245
183921,20230926,32970
184302,20230927,32715
184683,20231004,32200
185064,20231005,32060
185445,20231006,32180
185826,20231010,32645
186207,20231011,32635
186588,20231012,32955
186969,20231013,32790
187350,20231016,32650
187731,20231017,32785
188112,20231018,32910
188493,20231019,32530
188874,20231020,31955
189255,20231023,31875
189636,20231024,31825
190017,20231025,32080
190398,20231026,31385
