,date,open
21,20211018,37483
402,20211019,37977
783,20211020,38087
1164,20211021,37886
1545,20211022,37799
1926,20211025,37574
2307,20211026,38116
2688,20211027,38092
3069,20211028,38073
3450,20211029,37953
3831,20211101,37544
4212,20211102,38063
4593,20211103,37727
4974,20211104,37929
5355,20211105,37578
5736,20211108,37203
6117,20211109,37559
6498,20211110,37314
6879,20211111,36857
7260,20211112,37419
7641,20211115,37746
8022,20211116,37837
8403,20211117,37679
9165,20211119,37395
9546,20211122,38039
9927,20211123,38203
10308,20211124,38193
10689,20211125,37833
11070,20211126,37472
11451,20211129,36915
11832,20211130,36953
12213,20211201,36141
12594,20211202,36996
12975,20211203,37270
13356,20211206,37309
13737,20211207,37597
14118,20211208,38438
14499,20211209,38289
14880,20211210,38207
15261,20211213,38553
15642,20211214,38049
16023,20211215,37842
16404,20211216,38227
16785,20211217,38140
17166,20211220,37948
17547,20211221,37799
17928,20211222,38135
18309,20211223,38150
18690,20211224,38645
19071,20211227,38515
19452,20211228,38207
19833,20211229,38722
20214,20211230,38515
20916,20220104,38323
21297,20220105,38097
21678,20220106,37746
22059,20220107,37823
22440,20220110,37535
22821,20220111,37785
23202,20220112,38203
23583,20220113,38371
23964,20220114,37929
24345,20220117,37530
24726,20220118,37251
25107,20220119,36891
25488,20220120,36785
25869,20220121,36598
26250,20220124,36449
26631,20220125,35733
27012,20220126,35420
27393,20220127,34920
27774,20220128,34174
28155,20220203,35454
28536,20220204,35642
28917,20220207,35113
29298,20220208,35695
29679,20220209,35811
30060,20220210,36186
30441,20220211,35714
30822,20220214,35373
31203,20220215,35320
31584,20220216,35599
31965,20220217,35888
32346,20220218,35681
32727,20220221,35233
33108,20220222,35247
33489,20220223,35599
33870,20220224,35031
34251,20220225,34988
34632,20220228,34757
35013,20220302,35175
35394,20220303,35556
35775,20220304,35329
36156,20220307,34526
36537,20220308,34083
36918,20220310,34699
37299,20220311,34665
37680,20220314,34670
38061,20220315,34333
38442,20220316,34400
38823,20220317,35406
39204,20220318,35166
39585,20220321,35195
39966,20220322,35050
40347,20220323,35637
40728,20220324,35296
41109,20220325,35281
41490,20220328,35021
41871,20220329,35392
42252,20220330,35738
42633,20220331,35705
43014,20220401,35281
43395,20220404,35329
43776,20220405,35522
44157,20220406,35377
44538,20220407,34877
44919,20220408,34795
45300,20220411,34684
45681,20220412,34516
46062,20220413,34540
46443,20220414,34882
46824,20220415,34405
47205,20220418,34448
47586,20220419,34877
47967,20220420,34670
48348,20220421,35098
48729,20220422,34574
49110,20220425,34266
49491,20220426,34270
49872,20220427,33587
50253,20220428,33818
50634,20220429,34555
51015,20220502,34384
51396,20220503,34472
51777,20220504,34677
52158,20220506,34052
52539,20220509,34018
52920,20220510,33100
53301,20220511,33520
53682,20220512,33139
54063,20220513,33325
54444,20220516,33876
54825,20220517,33945
55206,20220518,34282
55587,20220519,33378
55968,20220520,33891
56349,20220523,34321
56730,20220524,34145
57111,20220525,33676
57492,20220526,34003
57873,20220527,34091
58254,20220530,34311
58635,20220531,34374
59016,20220602,34316
59397,20220603,34497
59778,20220607,34038
60159,20220608,33847
60540,20220609,33701
60921,20220610,33515
61302,20220613,32680
61683,20220614,31850
62064,20220615,31874
62445,20220616,32045
62826,20220617,31098
63207,20220620,30971
63587,20220621,30786
63968,20220622,30888
64349,20220623,30166
64730,20220624,30185
65111,20220627,30542
65492,20220628,31015
65873,20220629,30810
66254,20220630,30380
66635,20220701,30351
67016,20220704,30000
67397,20220705,30117
67778,20220706,29980
68159,20220707,29990
68540,20220708,30512
68921,20220711,30546
69302,20220712,29956
69683,20220713,30078
70064,20220714,29965
70445,20220715,29770
70826,20220718,30620
71207,20220719,30639
71588,20220720,31201
71969,20220721,31064
72350,20220722,31372
72731,20220725,31342
73112,20220726,31123
73493,20220727,31303
73874,20220728,31567
74255,20220729,31827
74636,20220801,31631
75017,20220802,31543
75398,20220803,31538
75779,20220804,31861
76160,20220805,32101
76541,20220808,31949
76922,20220809,32022
77303,20220810,31846
77684,20220811,32213
78065,20220812,32380
78446,20220816,32473
78827,20220817,32654
79208,20220818,32057
79589,20220819,32037
79970,20220822,31582
80351,20220823,31474
80732,20220824,31391
81113,20220825,31509
81494,20220826,31871
81875,20220829,30961
82256,20220830,31142
82637,20220831,31014
83018,20220901,31044
83399,20220902,30838
83780,20220905,30833
84161,20220906,30838
84542,20220907,30329
84923,20220908,30393
85304,20220913,30970
85685,20220914,30295
86066,20220915,30554
86447,20220916,30192
86828,20220919,30192
87209,20220920,30324
87590,20220921,29982
87971,20220922,29424
88352,20220923,29414
88733,20220926,28705
89114,20220927,28401
89495,20220928,28225
89876,20220929,28230
90257,20220930,27785
90638,20221004,28245
91019,20221005,28622
91400,20221006,28675
91781,20221007,28465
92162,20221011,27824
92543,20221012,28010
92924,20221013,28069
93305,20221014,28215
93686,20221017,28039
94067,20221018,28754
94448,20221019,28798
94829,20221020,28338
95210,20221021,28372
95591,20221024,28793
95972,20221025,28788
96353,20221026,28695
96734,20221027,29214
97115,20221028,29198
97496,20221031,29252
97877,20221101,29611
98258,20221102,29734
98639,20221103,29213
99020,20221104,29670
99401,20221107,30230
99782,20221108,30460
100163,20221109,30765
100544,20221110,30873
100925,20221111,31644
101306,20221114,31914
101687,20221115,31668
102068,20221116,31511
102830,20221118,31423
103211,20221121,31005
103592,20221122,30961
103973,20221123,30937
104354,20221124,31113
104735,20221125,31109
105116,20221128,30667
105497,20221129,30657
105878,20221130,30966
106259,20221201,31992
106640,20221202,31339
107021,20221205,31064
107402,20221206,30676
107783,20221207,30436
108164,20221208,30284
108545,20221209,30509
108926,20221212,30524
109306,20221213,30539
109687,20221214,30760
110068,20221215,30622
110449,20221216,29979
110830,20221219,30146
111211,20221220,29915
111592,20221221,29945
111973,20221222,29920
112354,20221223,29817
112735,20221226,29699
113116,20221227,29896
113497,20221228,29724
113878,20221229,29454
114580,20230103,28634
114961,20230104,28963
115342,20230105,29861
115723,20230106,29709
116104,20230109,30544
116485,20230110,30809
116866,20230111,30971
117247,20230112,30951
117628,20230113,31202
118009,20230116,31320
118390,20230117,31462
118771,20230118,31138
119152,20230119,31079
119533,20230120,31320
119914,20230125,32012
120295,20230126,32017
120676,20230127,32444
121057,20230130,32660
121438,20230131,32055
121819,20230201,31838
122200,20230202,32458
122581,20230203,32257
122962,20230206,31942
123343,20230207,31789
123724,20230208,32183
124105,20230209,32178
124486,20230210,32242
124867,20230213,32099
125248,20230214,32385
125629,20230215,31986
126010,20230216,31976
126391,20230217,32055
126772,20230220,31710
127153,20230221,31927
127534,20230222,31617
127915,20230223,31740
128296,20230224,31952
128677,20230227,31159
129058,20230228,31499
129439,20230302,31696
129820,20230303,31661
130201,20230306,31745
130582,20230307,31956
130963,20230308,31454
131344,20230309,31518
131725,20230310,30952
132106,20230313,30908
132487,20230314,30706
132868,20230315,30815
133249,20230316,30441
133630,20230317,31002
134011,20230320,31105
134392,20230321,31007
134773,20230322,31203
135154,20230323,31144
135535,20230324,31425
135916,20230327,31110
136297,20230328,31336
136678,20230329,31514
137059,20230330,31696
137440,20230331,31961
137821,20230403,32080
138202,20230404,32222
138583,20230405,32286
138964,20230406,32050
139345,20230407,32094
139726,20230410,32503
140107,20230411,32749
140488,20230412,33113
140869,20230413,33059
141250,20230414,33384
141631,20230417,33266
142012,20230418,33261
142393,20230419,33315
142774,20230420,33221
143155,20230421,33020
143536,20230424,32921
143917,20230425,32882
144298,20230426,32390
144679,20230427,32120
145060,20230428,32614
145441,20230502,32854
145822,20230503,32684
146203,20230504,32554
146584,20230508,32909
146964,20230509,32774
147345,20230510,32704
147726,20230511,32719
148107,20230512,32340
148488,20230515,32260
148869,20230516,32694
149250,20230517,32539
149631,20230518,32899
150012,20230519,33213
150393,20230522,33597
150774,20230523,33732
151155,20230524,33627
151536,20230525,33692
151917,20230526,33607
152298,20230530,33961
152679,20230531,34156
153060,20230601,33876
153441,20230602,34051
153822,20230605,34345
154203,20230607,34480
154584,20230608,34116
154965,20230609,34340
155346,20230612,34680
155727,20230613,34620
156108,20230614,34560
156489,20230615,34605
156870,20230616,34375
157251,20230619,34296
157632,20230620,34116
158013,20230621,34066
158394,20230622,33971
158775,20230623,34041
159156,20230626,33827
159537,20230627,33857
159918,20230628,33911
160299,20230629,33996
160680,20230630,33582
161061,20230703,34236
161442,20230704,34410
161823,20230705,34171
162204,20230706,33732
162585,20230707,33263
162966,20230710,33293
163347,20230711,33542
163728,20230712,33762
164109,20230713,34296
164490,20230714,34445
164871,20230717,34650
165252,20230718,34595
165633,20230719,34520
166014,20230720,34246
166395,20230721,33842
166776,20230724,34261
167157,20230725,34510
167538,20230726,34425
167919,20230727,34246
168300,20230728,34395
168681,20230731,34690
169062,20230801,34945
169443,20230802,34960
169824,20230803,34370
170205,20230804,34270
170586,20230807,34260
170967,20230808,34085
171348,20230809,34125
171729,20230810,34065
172110,20230811,34350
172491,20230814,33905
172872,20230816,33440
173253,20230817,32740
173634,20230818,32880
174015,20230821,33045
174396,20230822,33165
174777,20230823,33035
175158,20230824,33395
175539,20230825,33040
175920,20230828,33205
176301,20230829,33475
176682,20230830,33785
177063,20230831,33655
177444,20230901,33670
177825,20230904,34015
178206,20230905,34145
178587,20230906,34050
178968,20230907,33805
179349,20230908,33710
179729,20230911,33695
180110,20230912,33850
180490,20230913,33790
180871,20230914,33835
181252,20230915,34220
181633,20230918,34360
182014,20230919,34185
182395,20230920,34000
182776,20230921,33740
183157,20230922,33025
183538,20230925,33205
183919,20230926,32975
184300,20230927,32760
184681,20231004,32225
185062,20231005,32085
185443,20231006,32210
185824,20231010,32625
186205,20231011,32695
186586,20231012,32945
186967,20231013,32795
187348,20231016,32655
187729,20231017,32785
188110,20231018,32890
188491,20231019,32545
188872,20231020,31955
189253,20231023,31905
189634,20231024,31800
190015,20231025,32045
190396,20231026,31375
