,date,open
29,20211018,37459
410,20211019,37919
791,20211020,38164
1172,20211021,37924
1553,20211022,37747
1934,20211025,37665
2315,20211026,38145
2696,20211027,38087
3077,20211028,38015
3458,20211029,37871
3839,20211101,37535
4220,20211102,38082
4601,20211103,37751
4982,20211104,37943
5363,20211105,37583
5744,20211108,37198
6125,20211109,37573
6506,20211110,37357
6887,20211111,36905
7268,20211112,37395
7649,20211115,37804
8030,20211116,37751
8411,20211117,37645
9173,20211119,37352
9554,20211122,38015
9935,20211123,38169
10316,20211124,38126
10697,20211125,37756
11078,20211126,37434
11459,20211129,36896
11840,20211130,36982
12221,20211201,36242
12602,20211202,36958
12983,20211203,37309
13364,20211206,37304
13745,20211207,37693
14126,20211208,38448
14507,20211209,38318
14888,20211210,38145
15269,20211213,38534
15650,20211214,37962
16031,20211215,37934
16412,20211216,38107
16793,20211217,38111
17174,20211220,37919
17555,20211221,37727
17936,20211222,38159
18317,20211223,38087
18698,20211224,38625
19079,20211227,38534
19460,20211228,38299
19841,20211229,38770
20222,20211230,38525
20924,20220104,38385
21305,20220105,38025
21686,20220106,37780
22067,20220107,37881
22448,20220110,37477
22829,20220111,37785
23210,20220112,38207
23591,20220113,38371
23972,20220114,37909
24353,20220117,37482
24734,20220118,37246
25115,20220119,36896
25496,20220120,36872
25877,20220121,36646
26258,20220124,36353
26639,20220125,35675
27020,20220126,35536
27401,20220127,34954
27782,20220128,34030
28163,20220203,35483
28544,20220204,35661
28925,20220207,35127
29306,20220208,35584
29687,20220209,35719
30068,20220210,36201
30449,20220211,35743
30830,20220214,35349
31211,20220215,35243
31592,20220216,35580
31973,20220217,35979
32354,20220218,35637
32735,20220221,35209
33116,20220222,35325
33497,20220223,35560
33878,20220224,35036
34259,20220225,35045
34640,20220228,34708
35021,20220302,35161
35402,20220303,35565
35783,20220304,35286
36164,20220307,34415
36545,20220308,34155
36926,20220310,34771
37307,20220311,34593
37688,20220314,34622
38069,20220315,34381
38450,20220316,34415
38831,20220317,35416
39212,20220318,35228
39593,20220321,35156
39974,20220322,35093
40355,20220323,35705
40736,20220324,35204
41117,20220325,35276
41498,20220328,35098
41879,20220329,35406
42260,20220330,35724
42641,20220331,35748
43022,20220401,35300
43403,20220404,35397
43784,20220405,35517
44165,20220406,35325
44546,20220407,34896
44927,20220408,34785
45308,20220411,34776
45689,20220412,34559
46070,20220413,34530
46451,20220414,34891
46832,20220415,34434
47213,20220418,34482
47594,20220419,34882
47975,20220420,34694
48356,20220421,35031
48737,20220422,34569
49118,20220425,34232
49499,20220426,34246
49880,20220427,33625
50261,20220428,33813
50642,20220429,34540
51023,20220502,34384
51404,20220503,34526
51785,20220504,34658
52166,20220506,34057
52547,20220509,34003
52928,20220510,33105
53309,20220511,33481
53690,20220512,33222
54071,20220513,33408
54452,20220516,33930
54833,20220517,33915
55214,20220518,34243
55595,20220519,33398
55976,20220520,33842
56357,20220523,34335
56738,20220524,34067
57119,20220525,33676
57500,20220526,34018
57881,20220527,34052
58262,20220530,34350
58643,20220531,34311
59024,20220602,34345
59405,20220603,34521
59786,20220607,34086
60167,20220608,33818
60548,20220609,33706
60929,20220610,33437
61310,20220613,32636
61691,20220614,31972
62072,20220615,31835
62453,20220616,32124
62834,20220617,31132
63215,20220620,30927
63595,20220621,30903
63976,20220622,30859
64357,20220623,30141
64738,20220624,30195
65119,20220627,30712
65500,20220628,31083
65881,20220629,30834
66262,20220630,30439
66643,20220701,30278
67024,20220704,29975
67405,20220705,30214
67786,20220706,29936
68167,20220707,30063
68548,20220708,30458
68929,20220711,30493
69310,20220712,29946
69691,20220713,29995
70072,20220714,29926
70453,20220715,29736
70834,20220718,30634
71215,20220719,30683
71596,20220720,31298
71977,20220721,31108
72358,20220722,31396
72739,20220725,31328
73120,20220726,31196
73501,20220727,31269
73882,20220728,31606
74263,20220729,31871
74644,20220801,31685
75025,20220802,31587
75406,20220803,31558
75787,20220804,31895
76168,20220805,32081
76549,20220808,31876
76930,20220809,31964
77311,20220810,31856
77692,20220811,32248
78073,20220812,32350
78454,20220816,32497
78835,20220817,32605
79216,20220818,31973
79597,20220819,32042
79978,20220822,31562
80359,20220823,31494
80740,20220824,31396
81121,20220825,31469
81502,20220826,31905
81883,20220829,30985
82264,20220830,31132
82645,20220831,31044
83026,20220901,31044
83407,20220902,30926
83788,20220905,30824
84169,20220906,30863
84550,20220907,30261
84931,20220908,30320
85312,20220913,30980
85693,20220914,30349
86074,20220915,30598
86455,20220916,30251
86836,20220919,30217
87217,20220920,30300
87598,20220921,29908
87979,20220922,29458
88360,20220923,29400
88741,20220926,28685
89122,20220927,28392
89503,20220928,28303
89884,20220929,28230
90265,20220930,27711
90646,20221004,28269
91027,20221005,28592
91408,20221006,28734
91789,20221007,28440
92170,20221011,27746
92551,20221012,28039
92932,20221013,28088
93313,20221014,28225
93694,20221017,28093
94075,20221018,28744
94456,20221019,28876
94837,20221020,28323
95218,20221021,28347
95599,20221024,28807
95980,20221025,28861
96361,20221026,28754
96742,20221027,29243
97123,20221028,29203
97504,20221031,29198
97885,20221101,29650
98266,20221102,29738
98647,20221103,29267
99028,20221104,29576
99409,20221107,30092
99790,20221108,30416
100171,20221109,30853
100552,20221110,30892
100933,20221111,31590
101314,20221114,31909
101695,20221115,31634
102076,20221116,31447
102838,20221118,31393
103219,20221121,31074
103600,20221122,30912
103981,20221123,30932
104362,20221124,31113
104743,20221125,31113
105124,20221128,30667
105505,20221129,30726
105886,20221130,31045
106267,20221201,32007
106648,20221202,31364
107029,20221205,31050
107410,20221206,30755
107791,20221207,30392
108172,20221208,30318
108553,20221209,30436
108934,20221212,30495
109314,20221213,30495
109695,20221214,30647
110076,20221215,30559
110457,20221216,30009
110838,20221219,30156
111219,20221220,29920
111600,20221221,29886
111981,20221222,29969
112362,20221223,29861
112743,20221226,29660
113124,20221227,29876
113505,20221228,29729
113886,20221229,29414
114588,20230103,28614
114969,20230104,29085
115350,20230105,29788
115731,20230106,29699
116112,20230109,30622
116493,20230110,30789
116874,20230111,30946
117255,20230112,30951
117636,20230113,31325
118017,20230116,31359
118398,20230117,31447
118779,20230118,31133
119160,20230119,31055
119541,20230120,31300
119922,20230125,32022
120303,20230126,31958
120684,20230127,32552
121065,20230130,32621
121446,20230131,32119
121827,20230201,31824
122208,20230202,32454
122589,20230203,32267
122970,20230206,31986
123351,20230207,31804
123732,20230208,32222
124113,20230209,32203
124494,20230210,32173
124875,20230213,32030
125256,20230214,32326
125637,20230215,32025
126018,20230216,32025
126399,20230217,32124
126780,20230220,31735
127161,20230221,32025
127542,20230222,31627
127923,20230223,31701
128304,20230224,31883
128685,20230227,31169
129066,20230228,31563
129447,20230302,31745
129828,20230303,31573
130209,20230306,31779
130590,20230307,31947
130971,20230308,31474
131352,20230309,31504
131733,20230310,30923
132114,20230313,30977
132495,20230314,30687
132876,20230315,30765
133257,20230316,30431
133638,20230317,30928
134019,20230320,31213
134400,20230321,31012
134781,20230322,31144
135162,20230323,31159
135543,20230324,31390
135924,20230327,31085
136305,20230328,31361
136686,20230329,31509
137067,20230330,31641
137448,20230331,31961
137829,20230403,32075
138210,20230404,32203
138591,20230405,32252
138972,20230406,32035
139353,20230407,32124
139734,20230410,32424
140115,20230411,32714
140496,20230412,33123
140877,20230413,33069
141258,20230414,33320
141639,20230417,33207
142020,20230418,33231
142401,20230419,33325
142782,20230420,33256
143163,20230421,33005
143544,20230424,32936
143925,20230425,32847
144306,20230426,32463
144687,20230427,32130
145068,20230428,32604
145449,20230502,32814
145830,20230503,32719
146211,20230504,32504
146592,20230508,32894
146972,20230509,32754
147353,20230510,32684
147734,20230511,32744
148115,20230512,32335
148496,20230515,32290
148877,20230516,32679
149258,20230517,32564
149639,20230518,32849
150020,20230519,33243
150401,20230522,33637
150782,20230523,33737
151163,20230524,33657
151544,20230525,33637
151925,20230526,33657
152306,20230530,33991
152687,20230531,34121
153068,20230601,33936
153449,20230602,34036
153830,20230605,34390
154211,20230607,34480
154592,20230608,34116
154973,20230609,34395
155354,20230612,34635
155735,20230613,34595
156116,20230614,34585
156497,20230615,34555
156878,20230616,34375
157259,20230619,34286
157640,20230620,34111
158021,20230621,34081
158402,20230622,33976
158783,20230623,33996
159164,20230626,33852
159545,20230627,33886
159926,20230628,33921
160307,20230629,33991
160688,20230630,33592
161069,20230703,34221
161450,20230704,34355
161831,20230705,34176
162212,20230706,33742
162593,20230707,33338
162974,20230710,33153
163355,20230711,33542
163736,20230712,33762
164117,20230713,34296
164498,20230714,34475
164879,20230717,34665
165260,20230718,34545
165641,20230719,34480
166022,20230720,34261
166403,20230721,33881
166784,20230724,34330
167165,20230725,34490
167546,20230726,34355
167927,20230727,34306
168308,20230728,34355
168689,20230731,34740
169070,20230801,34970
169451,20230802,35000
169832,20230803,34450
170213,20230804,34195
170594,20230807,34215
170975,20230808,34130
171356,20230809,34145
171737,20230810,34055
172118,20230811,34295
172499,20230814,33970
172880,20230816,33390
173261,20230817,32720
173642,20230818,32825
174023,20230821,33100
174404,20230822,33105
174785,20230823,33020
175166,20230824,33385
175547,20230825,33085
175928,20230828,33260
176309,20230829,33430
176690,20230830,33770
177071,20230831,33610
177452,20230901,33750
177833,20230904,33990
178214,20230905,34125
178595,20230906,34085
178976,20230907,33730
179357,20230908,33620
179737,20230911,33730
180118,20230912,33840
180498,20230913,33785
180879,20230914,33825
181260,20230915,34275
181641,20230918,34350
182022,20230919,34225
182403,20230920,33950
182784,20230921,33710
183165,20230922,32990
183546,20230925,33260
183927,20230926,32895
184308,20230927,32670
184689,20231004,32130
185070,20231005,32015
185451,20231006,32155
185832,20231010,32650
186213,20231011,32710
186594,20231012,32955
186975,20231013,32795
187356,20231016,32660
187737,20231017,32785
188118,20231018,32905
188499,20231019,32520
188880,20231020,31945
189261,20231023,31810
189642,20231024,31820
190023,20231025,32070
190404,20231026,31345
